time,temperature_2m_icon_seamless (°C),temperature_2m_member01_icon_seamless (°C),temperature_2m_member02_icon_seamless (°C),temperature_2m_member03_icon_seamless (°C),temperature_2m_member04_icon_seamless (°C),temperature_2m_member05_icon_seamless (°C),temperature_2m_member06_icon_seamless (°C),temperature_2m_member07_icon_seamless (°C),temperature_2m_member08_icon_seamless (°C),temperature_2m_member09_icon_seamless (°C),temperature_2m_member10_icon_seamless (°C),temperature_2m_member11_icon_seamless (°C),temperature_2m_member12_icon_seamless (°C),temperature_2m_member13_icon_seamless (°C),temperature_2m_member14_icon_seamless (°C),temperature_2m_member15_icon_seamless (°C),temperature_2m_member16_icon_seamless (°C),temperature_2m_member17_icon_seamless (°C),temperature_2m_member18_icon_seamless (°C),temperature_2m_member19_icon_seamless (°C),temperature_2m_member20_icon_seamless (°C),temperature_2m_member21_icon_seamless (°C),temperature_2m_member22_icon_seamless (°C),temperature_2m_member23_icon_seamless (°C),temperature_2m_member24_icon_seamless (°C),temperature_2m_member25_icon_seamless (°C),temperature_2m_member26_icon_seamless (°C),temperature_2m_member27_icon_seamless (°C),temperature_2m_member28_icon_seamless (°C),temperature_2m_member29_icon_seamless (°C),temperature_2m_member30_icon_seamless (°C),temperature_2m_member31_icon_seamless (°C),temperature_2m_member32_icon_seamless (°C),temperature_2m_member33_icon_seamless (°C),temperature_2m_member34_icon_seamless (°C),temperature_2m_member35_icon_seamless (°C),temperature_2m_member36_icon_seamless (°C),temperature_2m_member37_icon_seamless (°C),temperature_2m_member38_icon_seamless (°C),temperature_2m_member39_icon_seamless (°C),relativehumidity_2m_icon_seamless (%),relativehumidity_2m_member01_icon_seamless (%),relativehumidity_2m_member02_icon_seamless (%),relativehumidity_2m_member03_icon_seamless (%),relativehumidity_2m_member04_icon_seamless (%),relativehumidity_2m_member05_icon_seamless (%),relativehumidity_2m_member06_icon_seamless (%),relativehumidity_2m_member07_icon_seamless (%),relativehumidity_2m_member08_icon_seamless (%),relativehumidity_2m_member09_icon_seamless (%),relativehumidity_2m_member10_icon_seamless (%),relativehumidity_2m_member11_icon_seamless (%),relativehumidity_2m_member12_icon_seamless (%),relativehumidity_2m_member13_icon_seamless (%),relativehumidity_2m_member14_icon_seamless (%),relativehumidity_2m_member15_icon_seamless (%),relativehumidity_2m_member16_icon_seamless (%),relativehumidity_2m_member17_icon_seamless (%),relativehumidity_2m_member18_icon_seamless (%),relativehumidity_2m_member19_icon_seamless (%),relativehumidity_2m_member20_icon_seamless (%),relativehumidity_2m_member21_icon_seamless (%),relativehumidity_2m_member22_icon_seamless (%),relativehumidity_2m_member23_icon_seamless (%),relativehumidity_2m_member24_icon_seamless (%),relativehumidity_2m_member25_icon_seamless (%),relativehumidity_2m_member26_icon_seamless (%),relativehumidity_2m_member27_icon_seamless (%),relativehumidity_2m_member28_icon_seamless (%),relativehumidity_2m_member29_icon_seamless (%),relativehumidity_2m_member30_icon_seamless (%),relativehumidity_2m_member31_icon_seamless (%),relativehumidity_2m_member32_icon_seamless (%),relativehumidity_2m_member33_icon_seamless (%),relativehumidity_2m_member34_icon_seamless (%),relativehumidity_2m_member35_icon_seamless (%),relativehumidity_2m_member36_icon_seamless (%),relativehumidity_2m_member37_icon_seamless (%),relativehumidity_2m_member38_icon_seamless (%),relativehumidity_2m_member39_icon_seamless (%),rain_icon_seamless (mm),rain_member01_icon_seamless (mm),rain_member02_icon_seamless (mm),rain_member03_icon_seamless (mm),rain_member04_icon_seamless (mm),rain_member05_icon_seamless (mm),rain_member06_icon_seamless (mm),rain_member07_icon_seamless (mm),rain_member08_icon_seamless (mm),rain_member09_icon_seamless (mm),rain_member10_icon_seamless (mm),rain_member11_icon_seamless (mm),rain_member12_icon_seamless (mm),rain_member13_icon_seamless (mm),rain_member14_icon_seamless (mm),rain_member15_icon_seamless (mm),rain_member16_icon_seamless (mm),rain_member17_icon_seamless (mm),rain_member18_icon_seamless (mm),rain_member19_icon_seamless (mm),rain_member20_icon_seamless (mm),rain_member21_icon_seamless (mm),rain_member22_icon_seamless (mm),rain_member23_icon_seamless (mm),rain_member24_icon_seamless (mm),rain_member25_icon_seamless (mm),rain_member26_icon_seamless (mm),rain_member27_icon_seamless (mm),rain_member28_icon_seamless (mm),rain_member29_icon_seamless (mm),rain_member30_icon_seamless (mm),rain_member31_icon_seamless (mm),rain_member32_icon_seamless (mm),rain_member33_icon_seamless (mm),rain_member34_icon_seamless (mm),rain_member35_icon_seamless (mm),rain_member36_icon_seamless (mm),rain_member37_icon_seamless (mm),rain_member38_icon_seamless (mm),rain_member39_icon_seamless (mm),windspeed_10m_icon_seamless (km/h),windspeed_10m_member01_icon_seamless (km/h),windspeed_10m_member02_icon_seamless (km/h),windspeed_10m_member03_icon_seamless (km/h),windspeed_10m_member04_icon_seamless (km/h),windspeed_10m_member05_icon_seamless (km/h),windspeed_10m_member06_icon_seamless (km/h),windspeed_10m_member07_icon_seamless (km/h),windspeed_10m_member08_icon_seamless (km/h),windspeed_10m_member09_icon_seamless (km/h),windspeed_10m_member10_icon_seamless (km/h),windspeed_10m_member11_icon_seamless (km/h),windspeed_10m_member12_icon_seamless (km/h),windspeed_10m_member13_icon_seamless (km/h),windspeed_10m_member14_icon_seamless (km/h),windspeed_10m_member15_icon_seamless (km/h),windspeed_10m_member16_icon_seamless (km/h),windspeed_10m_member17_icon_seamless (km/h),windspeed_10m_member18_icon_seamless (km/h),windspeed_10m_member19_icon_seamless (km/h),windspeed_10m_member20_icon_seamless (km/h),windspeed_10m_member21_icon_seamless (km/h),windspeed_10m_member22_icon_seamless (km/h),windspeed_10m_member23_icon_seamless (km/h),windspeed_10m_member24_icon_seamless (km/h),windspeed_10m_member25_icon_seamless (km/h),windspeed_10m_member26_icon_seamless (km/h),windspeed_10m_member27_icon_seamless (km/h),windspeed_10m_member28_icon_seamless (km/h),windspeed_10m_member29_icon_seamless (km/h),windspeed_10m_member30_icon_seamless (km/h),windspeed_10m_member31_icon_seamless (km/h),windspeed_10m_member32_icon_seamless (km/h),windspeed_10m_member33_icon_seamless (km/h),windspeed_10m_member34_icon_seamless (km/h),windspeed_10m_member35_icon_seamless (km/h),windspeed_10m_member36_icon_seamless (km/h),windspeed_10m_member37_icon_seamless (km/h),windspeed_10m_member38_icon_seamless (km/h),windspeed_10m_member39_icon_seamless (km/h),windgusts_10m_icon_seamless (km/h),windgusts_10m_member01_icon_seamless (km/h),windgusts_10m_member02_icon_seamless (km/h),windgusts_10m_member03_icon_seamless (km/h),windgusts_10m_member04_icon_seamless (km/h),windgusts_10m_member05_icon_seamless (km/h),windgusts_10m_member06_icon_seamless (km/h),windgusts_10m_member07_icon_seamless (km/h),windgusts_10m_member08_icon_seamless (km/h),windgusts_10m_member09_icon_seamless (km/h),windgusts_10m_member10_icon_seamless (km/h),windgusts_10m_member11_icon_seamless (km/h),windgusts_10m_member12_icon_seamless (km/h),windgusts_10m_member13_icon_seamless (km/h),windgusts_10m_member14_icon_seamless (km/h),windgusts_10m_member15_icon_seamless (km/h),windgusts_10m_member16_icon_seamless (km/h),windgusts_10m_member17_icon_seamless (km/h),windgusts_10m_member18_icon_seamless (km/h),windgusts_10m_member19_icon_seamless (km/h),windgusts_10m_member20_icon_seamless (km/h),windgusts_10m_member21_icon_seamless (km/h),windgusts_10m_member22_icon_seamless (km/h),windgusts_10m_member23_icon_seamless (km/h),windgusts_10m_member24_icon_seamless (km/h),windgusts_10m_member25_icon_seamless (km/h),windgusts_10m_member26_icon_seamless (km/h),windgusts_10m_member27_icon_seamless (km/h),windgusts_10m_member28_icon_seamless (km/h),windgusts_10m_member29_icon_seamless (km/h),windgusts_10m_member30_icon_seamless (km/h),windgusts_10m_member31_icon_seamless (km/h),windgusts_10m_member32_icon_seamless (km/h),windgusts_10m_member33_icon_seamless (km/h),windgusts_10m_member34_icon_seamless (km/h),windgusts_10m_member35_icon_seamless (km/h),windgusts_10m_member36_icon_seamless (km/h),windgusts_10m_member37_icon_seamless (km/h),windgusts_10m_member38_icon_seamless (km/h),windgusts_10m_member39_icon_seamless (km/h),temperature_2m_gfs_seamless (°C),temperature_2m_member01_gfs_seamless (°C),temperature_2m_member02_gfs_seamless (°C),temperature_2m_member03_gfs_seamless (°C),temperature_2m_member04_gfs_seamless (°C),temperature_2m_member05_gfs_seamless (°C),temperature_2m_member06_gfs_seamless (°C),temperature_2m_member07_gfs_seamless (°C),temperature_2m_member08_gfs_seamless (°C),temperature_2m_member09_gfs_seamless (°C),temperature_2m_member10_gfs_seamless (°C),temperature_2m_member11_gfs_seamless (°C),temperature_2m_member12_gfs_seamless (°C),temperature_2m_member13_gfs_seamless (°C),temperature_2m_member14_gfs_seamless (°C),temperature_2m_member15_gfs_seamless (°C),temperature_2m_member16_gfs_seamless (°C),temperature_2m_member17_gfs_seamless (°C),temperature_2m_member18_gfs_seamless (°C),temperature_2m_member19_gfs_seamless (°C),temperature_2m_member20_gfs_seamless (°C),temperature_2m_member21_gfs_seamless (°C),temperature_2m_member22_gfs_seamless (°C),temperature_2m_member23_gfs_seamless (°C),temperature_2m_member24_gfs_seamless (°C),temperature_2m_member25_gfs_seamless (°C),temperature_2m_member26_gfs_seamless (°C),temperature_2m_member27_gfs_seamless (°C),temperature_2m_member28_gfs_seamless (°C),temperature_2m_member29_gfs_seamless (°C),temperature_2m_member30_gfs_seamless (°C),relativehumidity_2m_gfs_seamless (%),relativehumidity_2m_member01_gfs_seamless (%),relativehumidity_2m_member02_gfs_seamless (%),relativehumidity_2m_member03_gfs_seamless (%),relativehumidity_2m_member04_gfs_seamless (%),relativehumidity_2m_member05_gfs_seamless (%),relativehumidity_2m_member06_gfs_seamless (%),relativehumidity_2m_member07_gfs_seamless (%),relativehumidity_2m_member08_gfs_seamless (%),relativehumidity_2m_member09_gfs_seamless (%),relativehumidity_2m_member10_gfs_seamless (%),relativehumidity_2m_member11_gfs_seamless (%),relativehumidity_2m_member12_gfs_seamless (%),relativehumidity_2m_member13_gfs_seamless (%),relativehumidity_2m_member14_gfs_seamless (%),relativehumidity_2m_member15_gfs_seamless (%),relativehumidity_2m_member16_gfs_seamless (%),relativehumidity_2m_member17_gfs_seamless (%),relativehumidity_2m_member18_gfs_seamless (%),relativehumidity_2m_member19_gfs_seamless (%),relativehumidity_2m_member20_gfs_seamless (%),relativehumidity_2m_member21_gfs_seamless (%),relativehumidity_2m_member22_gfs_seamless (%),relativehumidity_2m_member23_gfs_seamless (%),relativehumidity_2m_member24_gfs_seamless (%),relativehumidity_2m_member25_gfs_seamless (%),relativehumidity_2m_member26_gfs_seamless (%),relativehumidity_2m_member27_gfs_seamless (%),relativehumidity_2m_member28_gfs_seamless (%),relativehumidity_2m_member29_gfs_seamless (%),relativehumidity_2m_member30_gfs_seamless (%),rain_gfs_seamless (mm),rain_member01_gfs_seamless (mm),rain_member02_gfs_seamless (mm),rain_member03_gfs_seamless (mm),rain_member04_gfs_seamless (mm),rain_member05_gfs_seamless (mm),rain_member06_gfs_seamless (mm),rain_member07_gfs_seamless (mm),rain_member08_gfs_seamless (mm),rain_member09_gfs_seamless (mm),rain_member10_gfs_seamless (mm),rain_member11_gfs_seamless (mm),rain_member12_gfs_seamless (mm),rain_member13_gfs_seamless (mm),rain_member14_gfs_seamless (mm),rain_member15_gfs_seamless (mm),rain_member16_gfs_seamless (mm),rain_member17_gfs_seamless (mm),rain_member18_gfs_seamless (mm),rain_member19_gfs_seamless (mm),rain_member20_gfs_seamless (mm),rain_member21_gfs_seamless (mm),rain_member22_gfs_seamless (mm),rain_member23_gfs_seamless (mm),rain_member24_gfs_seamless (mm),rain_member25_gfs_seamless (mm),rain_member26_gfs_seamless (mm),rain_member27_gfs_seamless (mm),rain_member28_gfs_seamless (mm),rain_member29_gfs_seamless (mm),rain_member30_gfs_seamless (mm),windspeed_10m_gfs_seamless (km/h),windspeed_10m_member01_gfs_seamless (km/h),windspeed_10m_member02_gfs_seamless (km/h),windspeed_10m_member03_gfs_seamless (km/h),windspeed_10m_member04_gfs_seamless (km/h),windspeed_10m_member05_gfs_seamless (km/h),windspeed_10m_member06_gfs_seamless (km/h),windspeed_10m_member07_gfs_seamless (km/h),windspeed_10m_member08_gfs_seamless (km/h),windspeed_10m_member09_gfs_seamless (km/h),windspeed_10m_member10_gfs_seamless (km/h),windspeed_10m_member11_gfs_seamless (km/h),windspeed_10m_member12_gfs_seamless (km/h),windspeed_10m_member13_gfs_seamless (km/h),windspeed_10m_member14_gfs_seamless (km/h),windspeed_10m_member15_gfs_seamless (km/h),windspeed_10m_member16_gfs_seamless (km/h),windspeed_10m_member17_gfs_seamless (km/h),windspeed_10m_member18_gfs_seamless (km/h),windspeed_10m_member19_gfs_seamless (km/h),windspeed_10m_member20_gfs_seamless (km/h),windspeed_10m_member21_gfs_seamless (km/h),windspeed_10m_member22_gfs_seamless (km/h),windspeed_10m_member23_gfs_seamless (km/h),windspeed_10m_member24_gfs_seamless (km/h),windspeed_10m_member25_gfs_seamless (km/h),windspeed_10m_member26_gfs_seamless (km/h),windspeed_10m_member27_gfs_seamless (km/h),windspeed_10m_member28_gfs_seamless (km/h),windspeed_10m_member29_gfs_seamless (km/h),windspeed_10m_member30_gfs_seamless (km/h),windgusts_10m_gfs_seamless (km/h),windgusts_10m_member01_gfs_seamless (km/h),windgusts_10m_member02_gfs_seamless (km/h),windgusts_10m_member03_gfs_seamless (km/h),windgusts_10m_member04_gfs_seamless (km/h),windgusts_10m_member05_gfs_seamless (km/h),windgusts_10m_member06_gfs_seamless (km/h),windgusts_10m_member07_gfs_seamless (km/h),windgusts_10m_member08_gfs_seamless (km/h),windgusts_10m_member09_gfs_seamless (km/h),windgusts_10m_member10_gfs_seamless (km/h),windgusts_10m_member11_gfs_seamless (km/h),windgusts_10m_member12_gfs_seamless (km/h),windgusts_10m_member13_gfs_seamless (km/h),windgusts_10m_member14_gfs_seamless (km/h),windgusts_10m_member15_gfs_seamless (km/h),windgusts_10m_member16_gfs_seamless (km/h),windgusts_10m_member17_gfs_seamless (km/h),windgusts_10m_member18_gfs_seamless (km/h),windgusts_10m_member19_gfs_seamless (km/h),windgusts_10m_member20_gfs_seamless (km/h),windgusts_10m_member21_gfs_seamless (km/h),windgusts_10m_member22_gfs_seamless (km/h),windgusts_10m_member23_gfs_seamless (km/h),windgusts_10m_member24_gfs_seamless (km/h),windgusts_10m_member25_gfs_seamless (km/h),windgusts_10m_member26_gfs_seamless (km/h),windgusts_10m_member27_gfs_seamless (km/h),windgusts_10m_member28_gfs_seamless (km/h),windgusts_10m_member29_gfs_seamless (km/h),windgusts_10m_member30_gfs_seamless (km/h),temperature_2m_ecmwf_ifs04 (°C),temperature_2m_member01_ecmwf_ifs04 (°C),temperature_2m_member02_ecmwf_ifs04 (°C),temperature_2m_member03_ecmwf_ifs04 (°C),temperature_2m_member04_ecmwf_ifs04 (°C),temperature_2m_member05_ecmwf_ifs04 (°C),temperature_2m_member06_ecmwf_ifs04 (°C),temperature_2m_member07_ecmwf_ifs04 (°C),temperature_2m_member08_ecmwf_ifs04 (°C),temperature_2m_member09_ecmwf_ifs04 (°C),temperature_2m_member10_ecmwf_ifs04 (°C),temperature_2m_member11_ecmwf_ifs04 (°C),temperature_2m_member12_ecmwf_ifs04 (°C),temperature_2m_member13_ecmwf_ifs04 (°C),temperature_2m_member14_ecmwf_ifs04 (°C),temperature_2m_member15_ecmwf_ifs04 (°C),temperature_2m_member16_ecmwf_ifs04 (°C),temperature_2m_member17_ecmwf_ifs04 (°C),temperature_2m_member18_ecmwf_ifs04 (°C),temperature_2m_member19_ecmwf_ifs04 (°C),temperature_2m_member20_ecmwf_ifs04 (°C),temperature_2m_member21_ecmwf_ifs04 (°C),temperature_2m_member22_ecmwf_ifs04 (°C),temperature_2m_member23_ecmwf_ifs04 (°C),temperature_2m_member24_ecmwf_ifs04 (°C),temperature_2m_member25_ecmwf_ifs04 (°C),temperature_2m_member26_ecmwf_ifs04 (°C),temperature_2m_member27_ecmwf_ifs04 (°C),temperature_2m_member28_ecmwf_ifs04 (°C),temperature_2m_member29_ecmwf_ifs04 (°C),temperature_2m_member30_ecmwf_ifs04 (°C),temperature_2m_member31_ecmwf_ifs04 (°C),temperature_2m_member32_ecmwf_ifs04 (°C),temperature_2m_member33_ecmwf_ifs04 (°C),temperature_2m_member34_ecmwf_ifs04 (°C),temperature_2m_member35_ecmwf_ifs04 (°C),temperature_2m_member36_ecmwf_ifs04 (°C),temperature_2m_member37_ecmwf_ifs04 (°C),temperature_2m_member38_ecmwf_ifs04 (°C),temperature_2m_member39_ecmwf_ifs04 (°C),temperature_2m_member40_ecmwf_ifs04 (°C),temperature_2m_member41_ecmwf_ifs04 (°C),temperature_2m_member42_ecmwf_ifs04 (°C),temperature_2m_member43_ecmwf_ifs04 (°C),temperature_2m_member44_ecmwf_ifs04 (°C),temperature_2m_member45_ecmwf_ifs04 (°C),temperature_2m_member46_ecmwf_ifs04 (°C),temperature_2m_member47_ecmwf_ifs04 (°C),temperature_2m_member48_ecmwf_ifs04 (°C),temperature_2m_member49_ecmwf_ifs04 (°C),temperature_2m_member50_ecmwf_ifs04 (°C),relativehumidity_2m_ecmwf_ifs04 (%),relativehumidity_2m_member01_ecmwf_ifs04 (%),relativehumidity_2m_member02_ecmwf_ifs04 (%),relativehumidity_2m_member03_ecmwf_ifs04 (%),relativehumidity_2m_member04_ecmwf_ifs04 (%),relativehumidity_2m_member05_ecmwf_ifs04 (%),relativehumidity_2m_member06_ecmwf_ifs04 (%),relativehumidity_2m_member07_ecmwf_ifs04 (%),relativehumidity_2m_member08_ecmwf_ifs04 (%),relativehumidity_2m_member09_ecmwf_ifs04 (%),relativehumidity_2m_member10_ecmwf_ifs04 (%),relativehumidity_2m_member11_ecmwf_ifs04 (%),relativehumidity_2m_member12_ecmwf_ifs04 (%),relativehumidity_2m_member13_ecmwf_ifs04 (%),relativehumidity_2m_member14_ecmwf_ifs04 (%),relativehumidity_2m_member15_ecmwf_ifs04 (%),relativehumidity_2m_member16_ecmwf_ifs04 (%),relativehumidity_2m_member17_ecmwf_ifs04 (%),relativehumidity_2m_member18_ecmwf_ifs04 (%),relativehumidity_2m_member19_ecmwf_ifs04 (%),relativehumidity_2m_member20_ecmwf_ifs04 (%),relativehumidity_2m_member21_ecmwf_ifs04 (%),relativehumidity_2m_member22_ecmwf_ifs04 (%),relativehumidity_2m_member23_ecmwf_ifs04 (%),relativehumidity_2m_member24_ecmwf_ifs04 (%),relativehumidity_2m_member25_ecmwf_ifs04 (%),relativehumidity_2m_member26_ecmwf_ifs04 (%),relativehumidity_2m_member27_ecmwf_ifs04 (%),relativehumidity_2m_member28_ecmwf_ifs04 (%),relativehumidity_2m_member29_ecmwf_ifs04 (%),relativehumidity_2m_member30_ecmwf_ifs04 (%),relativehumidity_2m_member31_ecmwf_ifs04 (%),relativehumidity_2m_member32_ecmwf_ifs04 (%),relativehumidity_2m_member33_ecmwf_ifs04 (%),relativehumidity_2m_member34_ecmwf_ifs04 (%),relativehumidity_2m_member35_ecmwf_ifs04 (%),relativehumidity_2m_member36_ecmwf_ifs04 (%),relativehumidity_2m_member37_ecmwf_ifs04 (%),relativehumidity_2m_member38_ecmwf_ifs04 (%),relativehumidity_2m_member39_ecmwf_ifs04 (%),relativehumidity_2m_member40_ecmwf_ifs04 (%),relativehumidity_2m_member41_ecmwf_ifs04 (%),relativehumidity_2m_member42_ecmwf_ifs04 (%),relativehumidity_2m_member43_ecmwf_ifs04 (%),relativehumidity_2m_member44_ecmwf_ifs04 (%),relativehumidity_2m_member45_ecmwf_ifs04 (%),relativehumidity_2m_member46_ecmwf_ifs04 (%),relativehumidity_2m_member47_ecmwf_ifs04 (%),relativehumidity_2m_member48_ecmwf_ifs04 (%),relativehumidity_2m_member49_ecmwf_ifs04 (%),relativehumidity_2m_member50_ecmwf_ifs04 (%),rain_ecmwf_ifs04 (mm),rain_member01_ecmwf_ifs04 (mm),rain_member02_ecmwf_ifs04 (mm),rain_member03_ecmwf_ifs04 (mm),rain_member04_ecmwf_ifs04 (mm),rain_member05_ecmwf_ifs04 (mm),rain_member06_ecmwf_ifs04 (mm),rain_member07_ecmwf_ifs04 (mm),rain_member08_ecmwf_ifs04 (mm),rain_member09_ecmwf_ifs04 (mm),rain_member10_ecmwf_ifs04 (mm),rain_member11_ecmwf_ifs04 (mm),rain_member12_ecmwf_ifs04 (mm),rain_member13_ecmwf_ifs04 (mm),rain_member14_ecmwf_ifs04 (mm),rain_member15_ecmwf_ifs04 (mm),rain_member16_ecmwf_ifs04 (mm),rain_member17_ecmwf_ifs04 (mm),rain_member18_ecmwf_ifs04 (mm),rain_member19_ecmwf_ifs04 (mm),rain_member20_ecmwf_ifs04 (mm),rain_member21_ecmwf_ifs04 (mm),rain_member22_ecmwf_ifs04 (mm),rain_member23_ecmwf_ifs04 (mm),rain_member24_ecmwf_ifs04 (mm),rain_member25_ecmwf_ifs04 (mm),rain_member26_ecmwf_ifs04 (mm),rain_member27_ecmwf_ifs04 (mm),rain_member28_ecmwf_ifs04 (mm),rain_member29_ecmwf_ifs04 (mm),rain_member30_ecmwf_ifs04 (mm),rain_member31_ecmwf_ifs04 (mm),rain_member32_ecmwf_ifs04 (mm),rain_member33_ecmwf_ifs04 (mm),rain_member34_ecmwf_ifs04 (mm),rain_member35_ecmwf_ifs04 (mm),rain_member36_ecmwf_ifs04 (mm),rain_member37_ecmwf_ifs04 (mm),rain_member38_ecmwf_ifs04 (mm),rain_member39_ecmwf_ifs04 (mm),rain_member40_ecmwf_ifs04 (mm),rain_member41_ecmwf_ifs04 (mm),rain_member42_ecmwf_ifs04 (mm),rain_member43_ecmwf_ifs04 (mm),rain_member44_ecmwf_ifs04 (mm),rain_member45_ecmwf_ifs04 (mm),rain_member46_ecmwf_ifs04 (mm),rain_member47_ecmwf_ifs04 (mm),rain_member48_ecmwf_ifs04 (mm),rain_member49_ecmwf_ifs04 (mm),rain_member50_ecmwf_ifs04 (mm),windspeed_10m_ecmwf_ifs04 (km/h),windspeed_10m_member01_ecmwf_ifs04 (km/h),windspeed_10m_member02_ecmwf_ifs04 (km/h),windspeed_10m_member03_ecmwf_ifs04 (km/h),windspeed_10m_member04_ecmwf_ifs04 (km/h),windspeed_10m_member05_ecmwf_ifs04 (km/h),windspeed_10m_member06_ecmwf_ifs04 (km/h),windspeed_10m_member07_ecmwf_ifs04 (km/h),windspeed_10m_member08_ecmwf_ifs04 (km/h),windspeed_10m_member09_ecmwf_ifs04 (km/h),windspeed_10m_member10_ecmwf_ifs04 (km/h),windspeed_10m_member11_ecmwf_ifs04 (km/h),windspeed_10m_member12_ecmwf_ifs04 (km/h),windspeed_10m_member13_ecmwf_ifs04 (km/h),windspeed_10m_member14_ecmwf_ifs04 (km/h),windspeed_10m_member15_ecmwf_ifs04 (km/h),windspeed_10m_member16_ecmwf_ifs04 (km/h),windspeed_10m_member17_ecmwf_ifs04 (km/h),windspeed_10m_member18_ecmwf_ifs04 (km/h),windspeed_10m_member19_ecmwf_ifs04 (km/h),windspeed_10m_member20_ecmwf_ifs04 (km/h),windspeed_10m_member21_ecmwf_ifs04 (km/h),windspeed_10m_member22_ecmwf_ifs04 (km/h),windspeed_10m_member23_ecmwf_ifs04 (km/h),windspeed_10m_member24_ecmwf_ifs04 (km/h),windspeed_10m_member25_ecmwf_ifs04 (km/h),windspeed_10m_member26_ecmwf_ifs04 (km/h),windspeed_10m_member27_ecmwf_ifs04 (km/h),windspeed_10m_member28_ecmwf_ifs04 (km/h),windspeed_10m_member29_ecmwf_ifs04 (km/h),windspeed_10m_member30_ecmwf_ifs04 (km/h),windspeed_10m_member31_ecmwf_ifs04 (km/h),windspeed_10m_member32_ecmwf_ifs04 (km/h),windspeed_10m_member33_ecmwf_ifs04 (km/h),windspeed_10m_member34_ecmwf_ifs04 (km/h),windspeed_10m_member35_ecmwf_ifs04 (km/h),windspeed_10m_member36_ecmwf_ifs04 (km/h),windspeed_10m_member37_ecmwf_ifs04 (km/h),windspeed_10m_member38_ecmwf_ifs04 (km/h),windspeed_10m_member39_ecmwf_ifs04 (km/h),windspeed_10m_member40_ecmwf_ifs04 (km/h),windspeed_10m_member41_ecmwf_ifs04 (km/h),windspeed_10m_member42_ecmwf_ifs04 (km/h),windspeed_10m_member43_ecmwf_ifs04 (km/h),windspeed_10m_member44_ecmwf_ifs04 (km/h),windspeed_10m_member45_ecmwf_ifs04 (km/h),windspeed_10m_member46_ecmwf_ifs04 (km/h),windspeed_10m_member47_ecmwf_ifs04 (km/h),windspeed_10m_member48_ecmwf_ifs04 (km/h),windspeed_10m_member49_ecmwf_ifs04 (km/h),windspeed_10m_member50_ecmwf_ifs04 (km/h),windgusts_10m_ecmwf_ifs04 (undefined),windgusts_10m_member01_ecmwf_ifs04 (undefined),windgusts_10m_member02_ecmwf_ifs04 (undefined),windgusts_10m_member03_ecmwf_ifs04 (undefined),windgusts_10m_member04_ecmwf_ifs04 (undefined),windgusts_10m_member05_ecmwf_ifs04 (undefined),windgusts_10m_member06_ecmwf_ifs04 (undefined),windgusts_10m_member07_ecmwf_ifs04 (undefined),windgusts_10m_member08_ecmwf_ifs04 (undefined),windgusts_10m_member09_ecmwf_ifs04 (undefined),windgusts_10m_member10_ecmwf_ifs04 (undefined),windgusts_10m_member11_ecmwf_ifs04 (undefined),windgusts_10m_member12_ecmwf_ifs04 (undefined),windgusts_10m_member13_ecmwf_ifs04 (undefined),windgusts_10m_member14_ecmwf_ifs04 (undefined),windgusts_10m_member15_ecmwf_ifs04 (undefined),windgusts_10m_member16_ecmwf_ifs04 (undefined),windgusts_10m_member17_ecmwf_ifs04 (undefined),windgusts_10m_member18_ecmwf_ifs04 (undefined),windgusts_10m_member19_ecmwf_ifs04 (undefined),windgusts_10m_member20_ecmwf_ifs04 (undefined),windgusts_10m_member21_ecmwf_ifs04 (undefined),windgusts_10m_member22_ecmwf_ifs04 (undefined),windgusts_10m_member23_ecmwf_ifs04 (undefined),windgusts_10m_member24_ecmwf_ifs04 (undefined),windgusts_10m_member25_ecmwf_ifs04 (undefined),windgusts_10m_member26_ecmwf_ifs04 (undefined),windgusts_10m_member27_ecmwf_ifs04 (undefined),windgusts_10m_member28_ecmwf_ifs04 (undefined),windgusts_10m_member29_ecmwf_ifs04 (undefined),windgusts_10m_member30_ecmwf_ifs04 (undefined),windgusts_10m_member31_ecmwf_ifs04 (undefined),windgusts_10m_member32_ecmwf_ifs04 (undefined),windgusts_10m_member33_ecmwf_ifs04 (undefined),windgusts_10m_member34_ecmwf_ifs04 (undefined),windgusts_10m_member35_ecmwf_ifs04 (undefined),windgusts_10m_member36_ecmwf_ifs04 (undefined),windgusts_10m_member37_ecmwf_ifs04 (undefined),windgusts_10m_member38_ecmwf_ifs04 (undefined),windgusts_10m_member39_ecmwf_ifs04 (undefined),windgusts_10m_member40_ecmwf_ifs04 (undefined),windgusts_10m_member41_ecmwf_ifs04 (undefined),windgusts_10m_member42_ecmwf_ifs04 (undefined),windgusts_10m_member43_ecmwf_ifs04 (undefined),windgusts_10m_member44_ecmwf_ifs04 (undefined),windgusts_10m_member45_ecmwf_ifs04 (undefined),windgusts_10m_member46_ecmwf_ifs04 (undefined),windgusts_10m_member47_ecmwf_ifs04 (undefined),windgusts_10m_member48_ecmwf_ifs04 (undefined),windgusts_10m_member49_ecmwf_ifs04 (undefined),windgusts_10m_member50_ecmwf_ifs04 (undefined),latitude,longitude
2025-07-19T00:00,28.1,28,27.5,28.2,28.2,27.7,27.3,27.7,28,27.8,27.6,27.8,27.8,27.8,28,27.3,27.9,27.9,28.4,27.9,28.4,28.2,27.9,29.5,28.4,27.9,27.6,28.7,26.7,27.5,28.5,28,27.7,28,28.6,27.9,28.9,27.2,27.1,27.6,90,95,95,93,92,93,96,94,93,95,93,94,93,91,93,93,91,96,92,94,93,92,94,88,91,94,95,91,96,95,91,93,95,92,93,93,91,97,96,93,0,0.1,0.1,0,0,0,0,0,0,0,1,1,0,0,0,0,0,0,0,0,0,0,0,0,0,0,0,0,0,0,0,0,0,0,0,0,0,0,0,0,1.3,5.2,3.1,3.8,2.5,3.7,4.8,3.1,4.7,1.8,6.6,1.9,5.1,8.4,2.3,3.3,2.5,4,3.1,3.9,3.5,5,2.1,5.4,2.5,3.3,4.4,1.8,5.2,3.3,7.2,4.3,4.5,2.2,4.7,4.8,5.2,2.5,3.7,4.3,,,,,,,,,,,,,,,,,,,,,,,,,,,,,,,,,,,,,,,,,30,28.9,29.8,29.2,29.8,28.6,28.4,28.9,29.4,29.9,29.8,29.8,29.6,30,29.4,29.4,29.2,30.1,29.8,28,29.4,29.1,29.3,29.9,29.5,29.6,29.7,29.2,29.1,29.8,29.4,67,69,65,73,68,69,78,64,73,67,69,70,70,73,72,70,76,70,63,74,64,71,70,67,63,68,71,73,76,71,73,0.6,0.1,0,2.6,2,2,0.4,0.1,0.2,2.8,0.2,1.8,0.2,1.2,0.2,3.1,0.3,0.1,0.3,3.3,1,2.5,3.3,2.1,0,0.7,1.7,0,1.3,0,2.3,5.1,5.2,3.2,2.5,2,3.3,7.6,9,8,1.6,5.4,2.2,5.9,6.6,4.7,2.5,8.5,4.1,2.3,4.7,4.9,2.3,3.9,2.5,4.1,3.6,7.3,5.1,1.8,2.9,3,6.1,9,4,4,4.7,3.6,12.6,11.5,11.2,3.6,7.2,3.2,6.5,10.8,5.8,4,9.7,4.7,3.2,4,5.4,3.6,5,4,6.1,4.7,10.1,15.8,3.6,6.1,3.6,,,,,,,,,,,,,,,,,,,,,,,,,,,,,,,,,,,,,,,,,,,,,,,,,,,,,,,,,,,,,,,,,,,,,,,,,,,,,,,,,,,,,,,,,,,,,,,,,,,,,,,,,,,,,,,,,,,,,,,,,,,,,,,,,,,,,,,,,,,,,,,,,,,,,,,,,,,,,,,,,,,,,,,,,,,,,,,,,,,,,,,,,,,,,,,,,,,,,,,,,,,,,,,,,,,,,,,,,,,,,,,,,,,,,,,,,,,,,,,,,,,,,,,,,,,,,,,,22.2204,114.2127
2025-07-19T01:00,27.9,28,27.4,28.2,28.1,27.7,27.3,27.7,28,27.7,27.4,27.5,27.9,27.9,28,27.4,27.8,27.9,28.3,27.8,28.3,28.2,27.9,29.4,28.3,27.8,27.6,28.5,26.8,27.4,28.6,28,27.7,27.8,28.7,27.8,28.9,27.1,27,27.6,90,95,94,92,93,93,96,95,92,95,90,94,93,90,93,93,92,96,93,94,93,93,94,88,91,95,95,92,96,95,91,93,94,93,93,93,91,97,96,93,0,0,1,0,0,0,0,0,0,0,2.6,0.7,0,0,0,0,0,0,0,0,0,0,0,0,0,0,0,0,0,0,0,0,0,0,0,0,0,0,0,0,1.1,5.6,3,3.7,2.5,3.1,4.7,2.4,5.5,2.3,7.1,1,5.5,8.7,1.8,4.2,3.4,3.9,3.1,4.1,3.3,4.8,2.3,5.9,3.2,2.6,4,3.3,4.6,3.9,7.7,4.9,4.1,1.9,7,5.8,5.3,1.8,3.1,5.5,,,,,,,,,,,,,,,,,,,,,,,,,,,,,,,,,,,,,,,,,29.7,29.1,29.6,28.6,29.1,28.2,28.6,28.8,29.4,29.3,29.5,29.4,29.5,29.9,29.1,28.6,29.2,30,29.4,27.7,29,28.8,28.7,29.4,29.5,29.4,29.4,29,28.8,29.5,29,69,68,66,76,71,72,77,67,75,69,71,72,72,74,75,74,77,70,65,77,67,73,73,69,64,69,73,74,77,74,75,0.6,0.1,0,2.6,2,2,0.4,0.1,0.2,2.8,0.2,1.8,0.2,1.2,0.2,3.1,0.3,0.1,0.3,3.3,1,2.5,3.3,2.1,0,0.7,1.7,0,1.3,0,2.3,6,3.8,3.3,3.5,2.3,3.6,7.1,8.3,7,0.4,6.2,3.3,6,7.2,4.3,3,10,4.4,2.9,4,4.8,2.3,1.6,1.5,4.6,2.9,4,6,1.1,5.7,2.7,7.2,6.1,3.6,5,4.3,4.7,12.2,11.5,10.1,2.5,8.6,4.3,6.8,12.6,5.8,4.7,11.5,5,4,3.6,5.4,4,3.2,3.2,6.5,3.6,6.8,13.3,3.6,8.3,2.9,,,,,,,,,,,,,,,,,,,,,,,,,,,,,,,,,,,,,,,,,,,,,,,,,,,,,,,,,,,,,,,,,,,,,,,,,,,,,,,,,,,,,,,,,,,,,,,,,,,,,,,,,,,,,,,,,,,,,,,,,,,,,,,,,,,,,,,,,,,,,,,,,,,,,,,,,,,,,,,,,,,,,,,,,,,,,,,,,,,,,,,,,,,,,,,,,,,,,,,,,,,,,,,,,,,,,,,,,,,,,,,,,,,,,,,,,,,,,,,,,,,,,,,,,,,,,,,,22.2204,114.2127
2025-07-19T02:00,27.9,28,27.4,28.2,28,27.7,27.3,27.6,28.1,27.6,27.4,27.3,28,27.9,28,27.4,27.7,27.9,28.3,27.8,28.3,28.1,27.8,29.2,28.2,27.8,27.7,28.5,26.8,27.4,28.6,28.1,27.7,27.7,28.3,27.9,28.9,27.1,26.9,27.6,91,94,94,92,93,93,95,95,92,95,90,94,92,90,93,93,93,96,94,94,94,93,94,87,91,95,95,92,96,96,90,93,94,94,92,93,91,98,96,93,0,0,0.1,0,0,0,0,0.4,0,0.3,0,0.2,0,0,0,0,0,0,0,0,0,0.3,0,0.1,0,0,0,0,0,0,0,0,0,0,1.5,0,0.1,0,0,0,1.5,5,3.1,2.8,1.8,2.1,3.7,1.9,5.5,2.9,5.7,1.3,6,8.2,3,2.9,3.6,4,3.1,3.8,2.6,5.1,3.8,6.3,3.2,1.9,4.7,4,3.2,4,9.3,4.6,4.4,1.8,10,5.7,6.4,2.5,3.1,5.9,,,,,,,,,,,,,,,,,,,,,,,,,,,,,,,,,,,,,,,,,29.4,29.3,29.5,28.2,28.6,27.9,28.8,28.7,29.3,28.9,29.3,29,29.4,29.7,28.9,28.1,29.2,29.9,28.9,27.4,28.7,28.5,28.2,28.9,29.4,29.1,29.1,28.9,28.5,29.2,28.8,71,68,67,79,73,74,77,69,76,71,72,73,73,76,77,77,77,71,68,79,70,75,76,71,65,70,75,75,78,76,77,0.6,0.1,0,2.6,2,2,0.4,0.1,0.2,2.8,0.2,1.8,0.2,1.2,0.2,3.1,0.3,0.1,0.3,3.3,1,2.5,3.3,2.1,0,0.7,1.7,0,1.3,0,2.3,5.6,2.8,2.7,4.3,3.1,4.3,10.2,8.2,6.4,1,6.7,4,6.2,8.9,4,3.3,10.7,4.2,3.4,3.3,4.8,2.3,0.8,2.5,5.4,2.2,2.8,9.8,1,7.4,1.6,7.6,4,3.2,6.1,4.3,5.4,12.6,11.2,9.4,2.2,8.6,4.7,7.2,13.3,5.8,5,12.6,5,4.3,3.2,6.1,4,2.5,2.9,6.5,3.2,4.7,10.4,3.6,9.4,2.5,,,,,,,,,,,,,,,,,,,,,,,,,,,,,,,,,,,,,,,,,,,,,,,,,,,,,,,,,,,,,,,,,,,,,,,,,,,,,,,,,,,,,,,,,,,,,,,,,,,,,,,,,,,,,,,,,,,,,,,,,,,,,,,,,,,,,,,,,,,,,,,,,,,,,,,,,,,,,,,,,,,,,,,,,,,,,,,,,,,,,,,,,,,,,,,,,,,,,,,,,,,,,,,,,,,,,,,,,,,,,,,,,,,,,,,,,,,,,,,,,,,,,,,,,,,,,,,,22.2204,114.2127
2025-07-19T03:00,27.5,27.9,27.3,28,27.9,27.7,27.3,27.5,28.1,27.4,27.3,27.1,28.1,27.9,27.9,27.4,27.7,27.8,28.2,27.6,28.1,27.9,27.8,28.9,28.1,27.8,27.8,28.4,26.8,27.3,28.6,28.2,27.7,27.5,28.1,28,28.7,26.9,26.9,27.7,91,94,94,92,93,93,95,95,91,95,91,94,91,90,93,93,92,94,94,94,93,91,93,87,91,96,95,92,96,96,90,92,94,95,90,92,92,98,96,93,0.3,0,0,0.2,0,0,0,0.8,0,0.5,0,0.1,0,0,0,0,0,0.5,0,0,0.7,1,0,0.4,0.1,0,0,0,0,0,0,0,0,0,0.6,0,2.5,0,0,0,4.4,5.2,0.7,5.1,1.1,3.8,4.7,2.5,4.7,2.9,6.3,1.4,5.7,8,1.5,2.8,4.6,6.5,3.9,5.2,3.9,7.3,5.1,6.9,2.9,3.3,5.1,3.4,3.7,3.9,10.1,3,4,3.3,9.5,5.6,7.2,4.8,3.3,6.6,,,,,,,,,,,,,,,,,,,,,,,,,,,,,,,,,,,,,,,,,29,29.2,29.4,28,28.2,27.9,28.7,28.5,29.3,28.7,29.1,28.9,29.2,29.5,28.6,27.8,29.1,29.6,28.3,27.1,28.6,28.1,28,28.5,29,28.5,28.8,28.7,28.5,29.1,28.6,73,68,68,81,75,75,79,71,76,72,73,74,74,78,78,78,77,72,71,81,73,77,78,73,67,74,76,76,78,77,78,2.5,0.7,0.3,0.6,2.8,0.1,0.4,0.6,0.4,0.5,1,0.3,0.1,0.1,1.3,1.9,0.6,0.8,1.4,2.4,0.1,1.1,2.4,5,0.9,3.3,2.2,0,0.3,0.8,0.9,3.6,2.1,1.6,4.3,2.7,4.7,11,7.4,5.9,0.8,4.8,3.3,6,8.8,4.3,3.3,9.3,2.6,2.3,3.3,5.7,2.2,1.8,4.1,3.7,1.3,4,8.7,1.6,6,0.4,6.8,2.5,3.6,6.8,4.3,5.8,13.7,9.7,8.6,3.2,6.8,3.6,7.2,12.6,6.1,5,11.9,4.7,4.3,2.9,7.2,3.6,3.2,4.3,5.4,4,5.4,7.6,3.2,7.6,2.9,,,,,,,,,,,,,,,,,,,,,,,,,,,,,,,,,,,,,,,,,,,,,,,,,,,,,,,,,,,,,,,,,,,,,,,,,,,,,,,,,,,,,,,,,,,,,,,,,,,,,,,,,,,,,,,,,,,,,,,,,,,,,,,,,,,,,,,,,,,,,,,,,,,,,,,,,,,,,,,,,,,,,,,,,,,,,,,,,,,,,,,,,,,,,,,,,,,,,,,,,,,,,,,,,,,,,,,,,,,,,,,,,,,,,,,,,,,,,,,,,,,,,,,,,,,,,,,,22.2204,114.2127
2025-07-19T04:00,27.3,27.7,27.2,28,27.4,27.5,27.3,27.2,28,27.4,27.3,26.9,28.1,27.8,27.9,27.2,27.7,27.8,28.2,27.7,28,27.9,27.8,28.7,27.7,27.7,27.8,28.2,26.9,27.3,28.6,28,27.6,27.4,27.6,28,28.3,26.7,26.8,27.8,91,92,95,91,93,92,95,95,91,94,91,94,92,89,93,93,92,91,92,92,92,89,93,88,91,95,94,91,96,96,90,92,94,92,90,92,92,99,97,93,0.6,0.1,0,0,0.3,0.6,0.4,3.4,0.1,0.2,0,0.1,0,0,0,0.5,0,1.5,0.1,0,2.5,0.7,0,1.3,0.4,0.7,0.9,0.1,0,0,0,1,0.2,0.2,2.1,0,3.6,0,0,0,5.6,6.4,2.1,5.1,4.2,4,5.2,2.9,4.2,3.6,7.1,1.6,6.2,8,3,5.2,4,9.5,4.5,6.1,5,7.9,5.2,8,3.3,6.2,5.4,5.5,5.8,3.8,10.9,4.2,5.1,6.3,9.7,7,9,2.9,2.2,6.3,,,,,,,,,,,,,,,,,,,,,,,,,,,,,,,,,,,,,,,,,28.7,29,29.1,28.1,28,28,28.5,28.2,29.3,28.6,28.9,28.8,29,29.4,28.4,27.6,29.1,29.4,27.6,27,28.6,27.8,27.8,28.1,28.5,27.9,28.6,28.5,28.6,29.1,28.5,75,69,68,82,76,75,81,73,76,73,75,75,75,79,79,79,78,74,74,82,75,80,80,74,70,78,77,76,78,76,79,2.5,0.7,0.3,0.6,2.8,0.1,0.4,0.6,0.4,0.5,1,0.3,0.1,0.1,1.3,1.9,0.6,0.8,1.4,2.4,0.1,1.1,2.4,5,0.9,3.3,2.2,0,0.3,0.8,0.9,0.8,1.4,2,5,1.9,4.9,10.7,6,5.5,3,1.9,1.9,5.5,7.7,4.7,3.1,7.3,1,1.8,2.9,6.4,2.7,2.9,5.7,1.1,2.6,5.1,4.7,2.3,3.6,2.8,5.4,1.8,4,7.6,4.7,6.1,15.5,7.6,7.6,5,4,2.2,6.8,10.8,6.8,4.3,10.1,4.7,4,2.9,9,3.2,5,6.5,4,5.4,7.2,4.3,2.9,4.7,4,,,,,,,,,,,,,,,,,,,,,,,,,,,,,,,,,,,,,,,,,,,,,,,,,,,,,,,,,,,,,,,,,,,,,,,,,,,,,,,,,,,,,,,,,,,,,,,,,,,,,,,,,,,,,,,,,,,,,,,,,,,,,,,,,,,,,,,,,,,,,,,,,,,,,,,,,,,,,,,,,,,,,,,,,,,,,,,,,,,,,,,,,,,,,,,,,,,,,,,,,,,,,,,,,,,,,,,,,,,,,,,,,,,,,,,,,,,,,,,,,,,,,,,,,,,,,,,,22.2204,114.2127
2025-07-19T05:00,27.1,27.4,27,27.9,27.2,27.3,27.3,27.1,27.8,27.4,27.4,26.8,28,27.7,27.9,27,27.7,27.7,28.2,27.8,27.7,28,27.8,28.4,27.5,27.9,27.7,27.9,27,27.2,28.6,27.9,27.3,27.1,27.2,28,27.9,26.2,26.8,27.7,90,91,96,90,91,91,94,95,91,94,91,94,92,90,94,92,92,89,90,91,91,88,93,88,90,92,92,91,96,96,89,90,92,91,90,91,90,99,97,92,0.8,0.2,0,0,0.4,1.3,4.2,3,0.2,0,0,0.1,0.5,0,0,1.2,0,0.9,0,0,1.4,0.2,0,0.7,0.1,0.4,3.5,0.3,0,0,0,1.9,0.4,0.3,1.2,0,3.3,0.4,0,0.5,7.1,5.6,0.8,6.1,4.5,4.7,4.4,2.8,6.1,3.7,6.9,3,6.5,8.3,4.1,5.6,3.8,7.8,6.3,5.8,5.4,7.9,4.6,7.9,4.1,6,5,6.6,5.9,4.3,12.5,6.3,7.2,5.6,11.6,7.8,11.3,2.2,1.1,6,,,,,,,,,,,,,,,,,,,,,,,,,,,,,,,,,,,,,,,,,28.6,28.8,29.1,28.3,28,28.3,28.4,28.2,29.4,28.8,28.9,28.9,29,29.4,28.4,27.7,29.2,29.2,27.4,27.1,28.7,27.7,27.9,28,28.3,27.6,28.6,28.6,28.8,29.2,28.6,76,70,68,82,76,74,82,74,75,73,75,75,76,79,79,78,77,74,76,82,76,81,81,75,71,80,77,76,77,75,79,2.5,0.7,0.3,0.6,2.8,0.1,0.4,0.6,0.4,0.5,1,0.3,0.1,0.1,1.3,1.9,0.6,0.8,1.4,2.4,0.1,1.1,2.4,5,0.9,3.3,2.2,0,0.3,0.8,0.9,2.3,1.1,3.4,6.4,2.3,5.5,10.3,5.6,5.4,5.2,1.3,0.7,5.6,6.9,4.6,2.4,6.1,2.2,2.1,2.9,7.5,3,4.4,6.4,0.8,3.8,6.2,2.2,2.5,2.5,4.6,4.7,1.8,4.3,9,5,6.8,16.6,6.8,7.9,7.2,2.5,1.8,7.2,10.4,7.2,4,8.6,4.3,4,3.2,10.8,4,7.6,7.9,2.9,6.1,9,2.5,3.6,3.2,5,,,,,,,,,,,,,,,,,,,,,,,,,,,,,,,,,,,,,,,,,,,,,,,,,,,,,,,,,,,,,,,,,,,,,,,,,,,,,,,,,,,,,,,,,,,,,,,,,,,,,,,,,,,,,,,,,,,,,,,,,,,,,,,,,,,,,,,,,,,,,,,,,,,,,,,,,,,,,,,,,,,,,,,,,,,,,,,,,,,,,,,,,,,,,,,,,,,,,,,,,,,,,,,,,,,,,,,,,,,,,,,,,,,,,,,,,,,,,,,,,,,,,,,,,,,,,,,,22.2204,114.2127
2025-07-19T06:00,27.1,27.2,26.8,27.9,27.2,27.1,27.3,27,27.4,27.3,27.5,26.8,27.8,27.4,27.9,27,27.7,27.7,28,27.7,27.8,27.9,28,28.3,27.6,27.9,27.8,27.9,27.1,27.2,28.5,27.9,27.1,27,27.2,28.1,27.8,26.3,26.9,27.6,89,90,94,90,89,89,94,95,90,92,91,92,92,90,93,91,92,90,90,90,90,89,93,88,89,90,92,90,95,96,90,88,90,90,89,90,90,97,96,92,0.7,0.4,0.2,0,0.5,0.9,3.5,2.3,0.3,0.5,0,0.2,1.6,0.3,0,0.7,0,0,0,0,0,0,0,0.6,0,0,3.2,0.2,0,0.1,0,3,0.3,0.2,0.7,0,0.6,0.5,0,4,7.2,5.9,1.8,5.8,4.1,6.5,4.7,2.9,7.6,5.1,5.9,3.2,5.8,7.2,4.7,7.1,4.6,5.9,5.1,6,4.3,6.5,3.1,9.1,4.3,4.6,5,5.8,4.3,5.1,13.1,6.7,7.9,4.7,10,7.3,7.8,3.3,2.3,6.3,,,,,,,,,,,,,,,,,,,,,,,,,,,,,,,,,,,,,,,,,28.8,28.8,29.4,28.8,28.2,28.7,28.8,28.4,29.6,29.1,29.1,29.1,29.2,29.6,28.8,28.1,29.5,29.5,27.5,27.6,28.9,28.1,28.5,28.4,28.5,28,29,28.9,29.1,29.5,29,74,71,67,81,75,74,81,74,74,73,74,74,76,78,77,76,76,73,76,80,77,80,80,74,71,79,75,74,76,73,78,0.7,1.4,0,0.2,0.1,0,0.2,0.2,0.1,0.1,0,0.1,0,0.2,0.3,0.1,0.3,0.1,0.5,0.5,0.9,0.1,0,0.4,0.2,0.9,0,0,0.3,0,0.5,2.7,1.5,3.3,7.4,2.2,6.1,9.7,6.4,6.1,7.1,1.9,1.9,6.7,7.6,3.4,1.8,5.5,2.5,1.4,3.2,8.4,3.7,6.1,6.2,1.3,3.2,6.6,2.3,3.4,3.9,5.1,4.3,2.9,4,11.2,5.4,7.6,15.5,7.9,10.1,10.1,3.6,3.6,8.6,12.2,6.5,3.2,7.6,4,4,3.6,13,7.2,11.5,7.6,2.9,5.4,9.7,2.5,5.8,4.3,5.8,,,,,,,,,,,,,,,,,,,,,,,,,,,,,,,,,,,,,,,,,,,,,,,,,,,,,,,,,,,,,,,,,,,,,,,,,,,,,,,,,,,,,,,,,,,,,,,,,,,,,,,,,,,,,,,,,,,,,,,,,,,,,,,,,,,,,,,,,,,,,,,,,,,,,,,,,,,,,,,,,,,,,,,,,,,,,,,,,,,,,,,,,,,,,,,,,,,,,,,,,,,,,,,,,,,,,,,,,,,,,,,,,,,,,,,,,,,,,,,,,,,,,,,,,,,,,,,,22.2204,114.2127
2025-07-19T07:00,27.5,27.2,27.1,28.1,27.7,27.5,27.4,27.5,27.6,27.6,27.7,27.1,28.1,27.6,28.2,27.3,28.1,28.1,28.4,28.2,28.1,28.4,28.2,28.4,28,28.1,27.9,28.4,27.4,27.3,28.6,28,27.5,27.4,27.7,28.5,28.1,26.6,27.2,27.7,87,88,94,89,86,87,93,93,88,89,89,91,90,89,92,88,91,89,89,88,89,87,92,87,88,89,90,88,94,95,89,86,88,89,87,88,89,94,95,91,0.1,0.5,0,0,0,0,1.9,0,0.2,0.3,0.1,0.3,0.1,0.1,0,0,0,0,0,0,0,0,1.8,0.5,0,0.1,3.1,0,0,1.5,0,2.7,0.1,0,0,0,0,0.5,0,4,6.2,6.6,1.8,6.3,5,4.4,5,3.2,8,4.8,6.1,3.5,6.5,7.2,5.6,8,4.8,7,3.1,6.2,5.4,7.5,5.1,9.1,3.7,5.8,5.6,6.7,3.4,2.8,13.2,7.7,5.4,4,9,8.7,7.9,3.3,2.9,6,,,,,,,,,,,,,,,,,,,,,,,,,,,,,,,,,,,,,,,,,29.3,28.8,29.8,29.4,28.8,29.3,29.2,28.8,30,29.6,29.5,29.6,29.5,30,29.4,28.8,29.9,29.9,28.1,28.4,29.2,28.9,29.3,29,28.9,28.6,29.7,29.3,29.5,29.9,29.5,71,72,66,78,73,73,78,73,72,73,73,73,76,76,74,72,73,71,74,76,76,78,77,72,69,75,73,71,75,71,75,0.7,1.4,0,0.2,0.1,0,0.2,0.2,0.1,0.1,0,0.1,0,0.2,0.3,0.1,0.3,0.1,0.5,0.5,0.9,0.1,0,0.4,0.2,0.9,0,0,0.3,0,0.5,2.9,3.6,3.2,8.4,3.6,6.8,9.3,7.8,7.2,8.6,4.8,4.2,8.6,8.9,2.3,1.6,5,2.7,2.2,3.8,9.8,6.5,8.7,5.2,2.3,2.5,6.1,3.1,5.2,5.7,5.1,4.7,4.3,3.2,14,5.8,9,14,10.4,13,13.7,6.1,6.8,10.8,15.1,5.4,2.2,6.8,4,4,4.7,15.5,11.5,16.2,6.8,3.6,4.3,10.4,4,9,6.8,6.8,,,,,,,,,,,,,,,,,,,,,,,,,,,,,,,,,,,,,,,,,,,,,,,,,,,,,,,,,,,,,,,,,,,,,,,,,,,,,,,,,,,,,,,,,,,,,,,,,,,,,,,,,,,,,,,,,,,,,,,,,,,,,,,,,,,,,,,,,,,,,,,,,,,,,,,,,,,,,,,,,,,,,,,,,,,,,,,,,,,,,,,,,,,,,,,,,,,,,,,,,,,,,,,,,,,,,,,,,,,,,,,,,,,,,,,,,,,,,,,,,,,,,,,,,,,,,,,,22.2204,114.2127
2025-07-19T08:00,28.4,28.1,27.9,28.7,28.5,28.1,27.9,28.3,28.4,28.2,28.4,27.5,28.6,28.1,29.1,27.9,29,28.8,28.9,28.9,28.7,29.2,28.5,29.1,28.9,28.4,28.4,29.1,27.8,27.6,29.1,28.2,28.2,28.2,28.5,29.2,28.9,27,28.1,28.1,83,83,90,85,83,84,90,89,84,86,85,87,87,86,87,85,87,85,86,84,86,83,89,83,84,87,87,85,91,93,86,84,85,86,83,84,85,92,91,89,0,0.2,0,0,0,0,1.1,0,0,0,0,0.4,0,0,0,0,0,0,0,0,0,0,2.1,0,0,0,0.6,0,0,2.7,0,1.2,0,0,0,0,0,0.3,0,0.5,5.5,7.9,1.1,6.5,5.8,6,5.2,4.8,7.9,5.1,8.7,3.7,7.4,8.2,6.5,7.9,6.8,8.7,7.1,7.4,6.8,8.6,7.2,7.9,4.6,5.7,6.1,7.3,4.8,1.8,12.8,5.8,5.8,3.3,8.2,8.8,7.8,2.2,5.4,5.6,,,,,,,,,,,,,,,,,,,,,,,,,,,,,,,,,,,,,,,,,30,29.1,30.4,30.3,29.5,30.1,30,29.5,30.7,30.4,30.1,30.3,30.1,30.7,30.2,29.5,30.5,30.5,28.9,29.4,29.9,29.9,30.3,29.8,29.6,29.6,30.6,29.9,30.1,30.5,30.3,68,71,64,74,70,71,74,71,69,71,70,70,74,72,70,69,70,68,72,71,74,74,73,69,67,71,69,68,72,68,72,0.7,1.4,0,0.2,0.1,0,0.2,0.2,0.1,0.1,0,0.1,0,0.2,0.3,0.1,0.3,0.1,0.5,0.5,0.9,0.1,0,0.4,0.2,0.9,0,0,0.3,0,0.5,4,4.5,2.9,9.6,5.6,7.9,9.5,9.5,9,10,7.4,6.7,10,10.2,2.2,2.8,4.7,3.1,3.3,4.2,11.3,9.4,11,4.2,3.3,3.1,6.8,4,7.5,6.8,5.6,5.8,5.4,3.2,16.6,6.8,11.2,13.7,13,16.2,16.6,8.6,10.4,13.7,18,4.7,2.5,6.8,4.3,4.3,5.4,17.6,15.5,20.2,6.1,4.3,4.3,11.5,5.8,12.6,9,8.3,,,,,,,,,,,,,,,,,,,,,,,,,,,,,,,,,,,,,,,,,,,,,,,,,,,,,,,,,,,,,,,,,,,,,,,,,,,,,,,,,,,,,,,,,,,,,,,,,,,,,,,,,,,,,,,,,,,,,,,,,,,,,,,,,,,,,,,,,,,,,,,,,,,,,,,,,,,,,,,,,,,,,,,,,,,,,,,,,,,,,,,,,,,,,,,,,,,,,,,,,,,,,,,,,,,,,,,,,,,,,,,,,,,,,,,,,,,,,,,,,,,,,,,,,,,,,,,,22.2204,114.2127
2025-07-19T09:00,29.6,29.2,28.9,29.4,29.6,29.4,28,29.2,29.6,29.2,29.5,28.2,29.5,28.9,30.3,29.1,30.1,29.8,29.4,29.9,29.6,30.2,28.9,30.1,29.9,28.9,29.3,30,28.5,27.9,30,29.2,29.3,29.3,29.4,30,29.9,28.2,28.8,29,79,80,84,82,78,78,88,84,80,82,80,84,83,82,81,79,81,79,83,79,81,79,85,80,79,85,83,81,87,91,81,81,81,81,80,80,81,86,88,85,0,0,0,0,0,0,1,0,0,0.1,0,0.2,0,0,0,0,0,0,0,0,0,0,1.6,0,0,0,0,0,0,1.6,0,0,0,0,0,0,0,0.1,1.4,0,4.3,7.4,1.8,7.2,5,6.4,5.2,5.4,6.2,4.7,9.8,4.1,8.4,8.2,7,8.2,7.6,8.6,7.7,8.3,6.9,9.6,6.9,7.4,4.9,5,7.8,7.3,5.6,2.7,12,5.9,7.3,2.5,7.6,9.1,10.8,2.9,5.6,8,,,,,,,,,,,,,,,,,,,,,,,,,,,,,,,,,,,,,,,,,31.2,30.1,31.5,31.8,30.5,31.5,31.1,30.8,31.9,31.5,31.3,31.8,31.2,32,31.4,30.4,31.9,31.7,30.1,30.9,31.1,31.3,31.7,30.8,30.8,31,32,30.9,31.2,31.8,31.6,64,67,61,67,67,66,69,67,64,66,66,64,69,66,65,66,64,63,68,65,68,68,67,65,63,65,64,64,67,63,66,0,0.4,0,0.1,0,0,0,0,0,0.1,0,0.3,0.4,0.2,0,0,0,0,0.2,0,0.1,0,0,0,0,0.2,0,0,0,0,0.1,6.1,3.3,2.3,11.9,7.7,10.9,11.3,11.6,12.3,12.1,9,9.5,11.4,12.6,2.2,4.5,5.5,4.1,3.2,3.2,13,12.6,13.4,2.3,3.3,4.5,9.2,5.6,10.9,7.4,7,9,5.4,4.7,18.7,9.7,15.8,16.6,15.8,19.1,18.7,11.2,14,17.6,20.5,4.7,4.7,8.6,6.1,5.8,6.5,19.4,18.4,22.7,6.1,5.8,6.8,14.4,7.6,16.2,10.1,10.8,,,,,,,,,,,,,,,,,,,,,,,,,,,,,,,,,,,,,,,,,,,,,,,,,,,,,,,,,,,,,,,,,,,,,,,,,,,,,,,,,,,,,,,,,,,,,,,,,,,,,,,,,,,,,,,,,,,,,,,,,,,,,,,,,,,,,,,,,,,,,,,,,,,,,,,,,,,,,,,,,,,,,,,,,,,,,,,,,,,,,,,,,,,,,,,,,,,,,,,,,,,,,,,,,,,,,,,,,,,,,,,,,,,,,,,,,,,,,,,,,,,,,,,,,,,,,,,,22.2204,114.2127
2025-07-19T10:00,30.8,30.4,29.5,30.4,30.7,30.2,28.5,30.4,30.8,30,30.3,29.8,30.4,29.6,31.4,30.5,31.1,31.1,30.3,30.8,30,30.8,29.8,31.1,31.1,29.7,30.7,31,29.1,28.4,31.2,30.2,29.9,30.1,30.6,31.2,30.9,29.8,29.4,29.7,73,76,79,77,74,75,85,78,75,77,76,76,79,78,73,73,77,73,79,74,80,74,80,76,73,81,76,76,84,90,76,78,78,76,75,74,76,79,85,82,0,0,0,0,0,0.2,0,0,0,0.1,0,0,0,0,0,0,0,0,0,0,0,0.1,0.6,0,0,0,0,0,0,2.9,0,0,0.1,0,0,0,0,0,1.5,0,5.5,7.3,1.5,8.4,5.4,5.5,6.3,4.7,6.2,5.4,10.2,4.3,7.6,8.7,8,5.8,4.7,9.2,8.6,9.1,8.2,14.5,8.2,8.5,6.2,5.1,9.4,7.2,5.1,2.6,10.5,7.4,6.8,0.8,8.4,11.6,7.6,4,9.3,9.7,,,,,,,,,,,,,,,,,,,,,,,,,,,,,,,,,,,,,,,,,32.8,31.5,32.7,33.5,31.9,33.1,32.4,32.3,33.3,32.8,32.7,33.5,32.5,33.5,32.7,31.3,33.5,33.2,31.6,32.7,32.8,33,33.2,31.9,32.3,32.7,33.5,32,32.5,33.3,33.2,59,62,56,59,63,59,63,61,57,60,61,57,62,58,60,63,57,57,63,57,61,60,59,60,58,59,57,60,61,58,60,0,0.4,0,0.1,0,0,0,0,0,0.1,0,0.3,0.4,0.2,0,0,0,0,0.2,0,0.1,0,0,0,0,0.2,0,0,0,0,0.1,8.7,3.3,2.4,14.1,10,15.6,13.8,13.8,16,14.2,10.5,13,14.6,15.7,1.8,6.1,6.8,5.2,2.6,0.8,15,16,16.2,3.2,3.2,5.8,12.2,8,14.8,7,9,13.3,5,6.8,20.5,13.7,22,21.2,19.1,22.3,19.8,13.7,18,22,22.7,4.7,7.9,11.5,8.3,8.3,7.6,20.9,21.2,24.5,6.5,7.2,10.4,18,9.4,19.8,11.2,13.7,,,,,,,,,,,,,,,,,,,,,,,,,,,,,,,,,,,,,,,,,,,,,,,,,,,,,,,,,,,,,,,,,,,,,,,,,,,,,,,,,,,,,,,,,,,,,,,,,,,,,,,,,,,,,,,,,,,,,,,,,,,,,,,,,,,,,,,,,,,,,,,,,,,,,,,,,,,,,,,,,,,,,,,,,,,,,,,,,,,,,,,,,,,,,,,,,,,,,,,,,,,,,,,,,,,,,,,,,,,,,,,,,,,,,,,,,,,,,,,,,,,,,,,,,,,,,,,,22.2204,114.2127
2025-07-19T11:00,31.5,31.5,30.1,31.3,31.5,30.9,29.9,31.4,31.4,31.3,30.8,30.9,31.2,30.3,32.1,31.4,31.5,32.3,31.1,31.3,30.5,31.2,31.4,32,31.8,30.6,31.8,31.8,30.4,28.8,32.3,31.3,30.5,30.8,31.7,32.1,31.7,30.7,30.3,30.5,68,71,76,73,71,73,79,74,73,70,74,72,75,76,67,69,74,68,74,71,77,72,72,71,68,77,71,71,78,87,70,74,75,73,68,69,69,74,80,78,0,0,0,0,0,0.1,0,0,0,0.1,0.1,0,0,0,0,0,0.2,0.1,0,0.6,0,1.4,0,0,0.1,0,0,0.1,0,2.9,0,0,0.2,0.1,0,0,0,0.1,0,0,8.2,9.3,1.9,11.9,6.5,7,7.9,5.6,7.8,4,10.6,3.7,7.1,10.4,10,8,3,8.4,10,12,8.7,16.2,10.3,10.1,8.9,4.6,11.6,9.4,3.1,1.1,16.2,7.9,7.9,1.4,9.7,11.3,10.2,4.2,9.8,10.9,,,,,,,,,,,,,,,,,,,,,,,,,,,,,,,,,,,,,,,,,33.9,32.6,33.5,34.8,32.8,34.3,33.5,33.5,34.2,33.8,33.7,34.5,33.6,34.7,33.5,32,34.5,34,32.8,33.7,33.7,34.1,34.4,32.6,33.3,33.8,34.5,32.8,33.5,34.3,34.2,56,58,54,53,60,54,58,57,53,56,57,52,57,53,56,61,53,53,59,53,56,55,54,57,55,54,53,57,56,54,55,0,0.4,0,0.1,0,0,0,0,0,0.1,0,0.3,0.4,0.2,0,0,0,0,0.2,0,0.1,0,0,0,0,0.2,0,0,0,0,0.1,10.6,4.4,3.1,14.9,11.2,17.7,15.9,14.7,19.2,14.8,10.7,15.1,18,17.5,2.2,7.3,7,5.2,2.9,1.5,17.1,18.1,18.2,5.1,3.1,6.3,14,9.8,17.7,5.9,11.3,16.6,5,8.6,20.9,16.6,24.8,24.5,21.2,25.2,20.9,15.1,20.9,25.9,23.8,5.4,10.8,13.7,10.1,9.7,8.6,22.3,23,25.9,7.2,8.6,13,20.5,11.2,23,11.5,16.2,,,,,,,,,,,,,,,,,,,,,,,,,,,,,,,,,,,,,,,,,,,,,,,,,,,,,,,,,,,,,,,,,,,,,,,,,,,,,,,,,,,,,,,,,,,,,,,,,,,,,,,,,,,,,,,,,,,,,,,,,,,,,,,,,,,,,,,,,,,,,,,,,,,,,,,,,,,,,,,,,,,,,,,,,,,,,,,,,,,,,,,,,,,,,,,,,,,,,,,,,,,,,,,,,,,,,,,,,,,,,,,,,,,,,,,,,,,,,,,,,,,,,,,,,,,,,,,,22.2204,114.2127
2025-07-19T12:00,31.6,31.8,30.6,31.8,32.2,31.1,31.3,32.3,31.7,32.5,30.8,31.6,31.7,31,32.4,31.7,31.8,32.8,31.2,32,31.3,31.7,32.7,32.1,31.4,31.7,32,32.4,31.1,29.7,33,32.4,31.2,31.3,32.7,32.9,32.7,31.1,30.9,31.2,66,69,73,69,67,72,72,71,70,63,74,67,72,72,65,65,72,64,73,68,73,69,65,69,69,72,70,68,74,83,64,69,72,69,62,65,63,73,76,74,0.1,0.3,0,0,0,0,0,0,0,0,0.1,0,0,0,0,0,0.3,0.2,0.9,0.6,0,0.8,0,0.1,0.4,0,0.4,0.1,0.1,0.1,0,0,0.1,0.1,0,0.1,0,0.2,0,0,8.4,9.4,3.6,12.7,7.2,7.7,7.2,7.8,12.1,3,10.9,4.7,7.7,12.1,10.8,7.1,5,7.2,9.1,12.3,9.4,13.4,10.2,12.6,10.5,6.1,12.4,10.1,3.1,3.8,20.3,10.1,9.9,1.8,9.4,10.7,10.7,4.5,11.1,16.1,,,,,,,,,,,,,,,,,,,,,,,,,,,,,,,,,,,,,,,,,34.5,33.3,33.6,35.7,33.4,34.8,34.4,34.4,34.2,34.2,33.9,34.5,34.2,35,33.7,32.7,34.8,34.2,33.2,33.6,33.5,34.7,35,32.7,33.7,34.2,35,33.3,34.1,34.3,34.7,55,56,54,50,58,52,54,54,52,55,56,52,54,52,55,59,52,53,58,53,55,52,52,57,54,53,52,55,53,54,53,0,0.1,0.1,0,0.1,0,0,0,0,0.1,0.1,0,0,0,0,0.1,0.2,0.2,0.2,0.3,0,0.1,0,0,0.1,0.2,0,0,0.1,0.2,0.1,11.5,4.1,4.4,12.7,10.9,15.1,16.9,13.8,21.3,13,8,16.1,20.4,16.8,3.8,8.2,4.7,3.4,3.7,5.2,18.8,18.5,19.1,5.1,2.7,4.7,14.3,11.1,18.8,2.4,13.8,18,6.5,9.4,18.7,17.6,22.3,25.2,20.9,28.1,21.2,14.8,22,28.4,22.7,6.5,13.7,14,10.1,10.1,10.4,24.1,24.8,26.6,8.3,9.7,13.3,21.6,13,25.2,11.2,18.7,,,,,,,,,,,,,,,,,,,,,,,,,,,,,,,,,,,,,,,,,,,,,,,,,,,,,,,,,,,,,,,,,,,,,,,,,,,,,,,,,,,,,,,,,,,,,,,,,,,,,,,,,,,,,,,,,,,,,,,,,,,,,,,,,,,,,,,,,,,,,,,,,,,,,,,,,,,,,,,,,,,,,,,,,,,,,,,,,,,,,,,,,,,,,,,,,,,,,,,,,,,,,,,,,,,,,,,,,,,,,,,,,,,,,,,,,,,,,,,,,,,,,,,,,,,,,,,,22.2204,114.2127
2025-07-19T13:00,31.8,32,30.6,31.2,32.3,31.3,31.8,32.9,32.2,33.7,30.9,31.8,32.6,31.4,32.8,32.2,31.9,33.2,30.9,32.7,31.9,32.3,33.8,32,31,31.7,32.2,32.9,31.1,30.9,32.9,32.7,31.2,31.2,33.5,33.4,32.9,31.5,31.5,31.7,67,69,74,72,65,71,70,68,66,59,74,66,65,70,63,63,72,62,74,65,69,66,59,70,70,72,71,67,75,77,65,68,73,70,58,64,61,71,73,72,0.1,0.4,0.4,0.6,0.1,0,0.2,0,0,0,0.1,0,0,0,0,0,0.1,0.1,2.6,0.3,0.2,0.4,0,0.3,1,0,1.3,0.4,0.5,0,0.2,0.2,0.2,0.4,0,0.2,0.1,0.1,0,0,4.9,8.7,6.8,12,8.1,6.8,7.5,7.6,12.8,0.8,11.7,3.7,9.4,11,10.6,5.1,8.4,6.5,8,11.6,9,12.3,8,14,9.7,7.8,12.3,9.1,3.4,1.8,17.3,9,10.8,4,9.7,9.5,10.6,6.1,8.4,18.4,,,,,,,,,,,,,,,,,,,,,,,,,,,,,,,,,,,,,,,,,34.7,33.8,33.3,36.3,33.7,35,35.1,35,33.8,34.2,33.7,33.7,34.6,34.9,33.4,33,34.7,33.7,33.2,32.9,32.7,34.8,35,32.5,33.7,34.1,34.9,33.7,34.3,33.8,34.5,54,54,56,48,57,53,51,53,54,55,58,55,53,53,56,57,54,55,58,56,57,52,51,58,55,53,52,55,52,55,53,0,0.1,0.1,0,0.1,0,0,0,0,0.1,0.1,0,0,0,0,0.1,0.2,0.2,0.2,0.3,0,0.1,0,0,0.1,0.2,0,0,0.1,0.2,0.1,11.8,3.3,5.9,8.3,10.9,11.1,17.7,11.9,23.6,12.2,3.9,16.9,22.5,14.6,7.3,10.2,2.2,1.1,5.1,10,20.1,19,19.1,3.6,2.6,2.9,14,12,20.4,2.6,16.6,18.4,8.3,10.1,15.1,18,16.9,24.8,19.4,31,20.9,13.7,21.6,30.6,20.5,7.6,16.6,13.3,9.7,10.1,12.6,25.6,25.6,26.6,9.4,10.1,13,22,14.8,27,10.1,21.2,,,,,,,,,,,,,,,,,,,,,,,,,,,,,,,,,,,,,,,,,,,,,,,,,,,,,,,,,,,,,,,,,,,,,,,,,,,,,,,,,,,,,,,,,,,,,,,,,,,,,,,,,,,,,,,,,,,,,,,,,,,,,,,,,,,,,,,,,,,,,,,,,,,,,,,,,,,,,,,,,,,,,,,,,,,,,,,,,,,,,,,,,,,,,,,,,,,,,,,,,,,,,,,,,,,,,,,,,,,,,,,,,,,,,,,,,,,,,,,,,,,,,,,,,,,,,,,,22.2204,114.2127
2025-07-19T14:00,31.5,32.1,30.2,31.1,31.6,31.3,31.7,32.8,31.6,33.2,31.3,32.1,31.8,31.3,33.5,32.4,32.1,33.3,30.8,33.1,32.5,32,34,32.2,31.4,31.6,32.3,32.9,31.2,31.9,33.7,32.7,30.7,31.4,33.1,32.5,32.8,32.1,32.5,32.5,67,70,77,74,68,71,71,69,70,56,73,64,68,72,60,62,72,63,74,62,67,67,58,68,69,72,71,68,75,71,62,67,76,71,60,70,62,68,68,68,0.3,0.6,1.5,0.6,0.3,0.2,0.2,0.5,0.9,0.1,0.2,0,0.2,0.1,0,0,0,0,2.1,0,0.1,0.6,0.1,0.4,0,0.5,1.4,1.3,1.1,0,0,0.3,0.9,0.5,0.1,4.7,0,0,0,0,5.2,8,8.6,8.6,9,6.5,5.2,7.1,12.2,3,10.6,1.8,8.7,9.4,10,5.2,10.4,5.5,5.1,10.4,7,11.5,8.9,15,7.9,6.9,11.9,6.3,3.8,0.5,17.3,7.3,11.8,4.4,11.5,7.2,9.7,5,6.6,21.8,,,,,,,,,,,,,,,,,,,,,,,,,,,,,,,,,,,,,,,,,34.5,33.9,32.7,36.3,33.7,34.8,35.5,35,33.2,34,33.3,33,34.7,34.6,33,33.2,34,32.9,33,32.2,32,34.2,34.8,32.2,33.4,33.7,34.5,33.7,34.3,33.1,34,55,54,59,48,57,54,50,53,55,57,59,58,52,55,57,56,57,58,59,59,59,54,52,59,56,55,54,55,52,58,55,0,0.1,0.1,0,0.1,0,0,0,0,0.1,0.1,0,0,0,0,0.1,0.2,0.2,0.2,0.3,0,0.1,0,0,0.1,0.2,0,0,0.1,0.2,0.1,11.1,2.7,7.2,3.4,12.3,9.7,17.4,8.8,25,13.6,0.4,17.8,23.2,11.9,9.3,11.2,4,2.4,5.3,12.2,19.5,19.3,18.4,2.9,3.3,3.3,13.6,11.6,21.9,6.2,17.1,18.4,9.7,10.1,13,18.4,12.6,23.8,18,32.4,20.5,12.2,21.6,31.3,18.7,8.6,18,13.7,9.7,10.1,13.3,25.2,24.8,26.3,10.4,10.8,13,22,15.8,27.7,9.4,22,,,,,,,,,,,,,,,,,,,,,,,,,,,,,,,,,,,,,,,,,,,,,,,,,,,,,,,,,,,,,,,,,,,,,,,,,,,,,,,,,,,,,,,,,,,,,,,,,,,,,,,,,,,,,,,,,,,,,,,,,,,,,,,,,,,,,,,,,,,,,,,,,,,,,,,,,,,,,,,,,,,,,,,,,,,,,,,,,,,,,,,,,,,,,,,,,,,,,,,,,,,,,,,,,,,,,,,,,,,,,,,,,,,,,,,,,,,,,,,,,,,,,,,,,,,,,,,,22.2204,114.2127
2025-07-19T15:00,30.7,31.7,29.5,32,30.8,31.2,31.4,31.9,31.6,32.2,31.5,32.4,31,31.2,33.8,32,32.2,32.7,30.7,32.9,32.6,31.4,33.5,32.2,30.8,31,32.1,32.2,31.3,32.5,34,32.7,30.9,31.1,33.1,31.2,31.1,32.1,32.9,33.3,74,72,80,70,73,73,73,73,71,62,71,62,73,73,58,66,71,67,74,63,67,69,62,67,70,76,72,70,75,67,59,68,75,73,63,74,74,70,65,63,0.9,1.2,2.1,0,1.6,0.2,2.3,5.3,0.2,0.1,0.3,0.1,0.4,0.2,0,0.1,0,0.1,1.8,0,0.1,1.7,0.3,0,0.6,2,1,2.1,0.1,0,0,0.3,0.4,1.2,0,9.5,0.4,0.5,0.1,0,3.4,7.8,6.8,7,5.4,5.5,1.9,7.6,7.2,4.9,9.5,0.7,5,7.4,9.5,4.1,9.8,4.4,5,8.6,6.6,11,8.9,14.4,9.2,5.4,10.8,4.7,2.8,1.3,17.8,7.3,13.2,5.1,11.1,5.8,9.7,4.7,5.8,22.1,,,,,,,,,,,,,,,,,,,,,,,,,,,,,,,,,,,,,,,,,34,33.4,31.6,35.8,33.5,34.2,35.3,34.3,32.8,33.1,33,32.8,34.5,34,32.5,33.2,32.8,31.7,32.8,32,32,32.6,34.3,32.4,33,33,33.6,33.4,34,32.1,33,57,56,64,50,57,56,50,55,56,61,60,58,52,57,59,57,62,64,60,60,60,61,54,58,58,58,58,57,53,62,59,0.3,0.8,3.7,0.4,0.1,0.5,0,0.8,0,1.4,1,0,0,1.2,0.1,0.9,2.8,2,1.5,0.1,0,0.4,0.2,0,0.3,0.8,0.4,0.1,0,2.5,0.5,9.5,1.1,6.9,4.6,14.7,9.9,15.3,5.1,24.7,14.1,2.4,18.2,22.7,8.4,8.2,10,8.7,6.3,3.4,10.5,16.6,15.6,16.5,3.2,5.4,6.2,12.2,10.1,21.5,7.8,14.3,17.6,10.1,9.7,14,19.8,11.2,22.7,17.6,31.7,19.4,11.2,22.3,30.2,18,8.6,16.9,15.8,11.5,10.1,11.5,21.6,20.5,25.6,11.5,11.5,14,21.6,15.5,27,9.4,20.2,,,,,,,,,,,,,,,,,,,,,,,,,,,,,,,,,,,,,,,,,,,,,,,,,,,,,,,,,,,,,,,,,,,,,,,,,,,,,,,,,,,,,,,,,,,,,,,,,,,,,,,,,,,,,,,,,,,,,,,,,,,,,,,,,,,,,,,,,,,,,,,,,,,,,,,,,,,,,,,,,,,,,,,,,,,,,,,,,,,,,,,,,,,,,,,,,,,,,,,,,,,,,,,,,,,,,,,,,,,,,,,,,,,,,,,,,,,,,,,,,,,,,,,,,,,,,,,,22.2204,114.2127
2025-07-19T16:00,30.4,31.3,29,32.8,30.3,30.9,30.9,31.6,31.5,31.2,31.1,32.2,31,30.7,33.4,30.8,32.2,31.4,29.8,32.3,32.3,30.8,33.4,31.4,30.1,31,31.7,31.5,31.3,32,33.9,32.1,31,30.4,32.7,30.6,30.1,31.7,32.8,32.7,75,74,82,65,77,74,75,74,73,69,73,65,75,76,60,75,71,75,80,67,70,73,63,72,73,75,73,73,74,68,59,71,76,76,68,77,80,72,65,65,2.9,1.5,2.5,0,4.5,0.7,4.3,1.9,0.1,0.6,4.2,0.3,0.1,1.1,0,2.3,0.1,3,5.6,1.7,0.6,1.5,0.3,0.4,0.6,0.6,1.5,2.6,0.1,0.1,0,1,0,2.2,0,1.9,0.8,1.3,0.2,0.5,6.2,7.6,3.1,9.4,1.6,2.8,1.5,4,3.9,4.6,4.7,3.1,1.5,4.7,6.3,1.5,5.1,2.6,5.4,3.2,4.2,9.4,6.6,11.1,8,4.8,10.1,4.7,1.1,1.1,14.9,7.9,12.3,4.5,9,9.8,4.2,6.4,4.2,20.1,,,,,,,,,,,,,,,,,,,,,,,,,,,,,,,,,,,,,,,,,33.2,32.5,30.3,34.7,33,33.4,34.8,33.2,32.5,31.8,32.7,32.8,34.1,33.3,31.9,33,31.1,30.1,32.4,31.9,32,30.4,33.5,32.7,32.5,32,32.4,33,33.3,31,31.5,59,58,70,55,57,59,52,59,58,66,62,58,54,60,62,59,70,70,62,60,61,70,57,58,61,63,63,60,55,67,64,0.3,0.8,3.7,0.4,0.1,0.5,0,0.8,0,1.4,1,0,0,1.2,0.1,0.9,2.8,2,1.5,0.1,0,0.4,0.2,0,0.3,0.8,0.4,0.1,0,2.5,0.5,10.1,2.3,6.7,13.1,16.7,10.2,12.3,7.6,22.8,13.8,5,18.2,21.3,7.6,5.6,8.7,13.7,10.8,1.1,7.8,11.5,9.6,15.6,4,9.1,10.5,14.4,8.5,19.3,8.2,11.4,15.8,10.1,9,16.2,21.2,10.8,21.2,17.3,29.2,18,10.4,23,28.4,18,8.3,14.8,18.4,14,9.7,9,16.2,14.8,24.1,12.2,12.2,15.5,20.9,14,25.6,9.7,16.6,,,,,,,,,,,,,,,,,,,,,,,,,,,,,,,,,,,,,,,,,,,,,,,,,,,,,,,,,,,,,,,,,,,,,,,,,,,,,,,,,,,,,,,,,,,,,,,,,,,,,,,,,,,,,,,,,,,,,,,,,,,,,,,,,,,,,,,,,,,,,,,,,,,,,,,,,,,,,,,,,,,,,,,,,,,,,,,,,,,,,,,,,,,,,,,,,,,,,,,,,,,,,,,,,,,,,,,,,,,,,,,,,,,,,,,,,,,,,,,,,,,,,,,,,,,,,,,,22.2204,114.2127
2025-07-19T17:00,29.5,30.9,28.9,32.7,28.8,30.5,30,31.1,30.4,30.3,30.9,31.3,31.3,29.4,32.9,30.2,31.5,30.8,28.5,31.9,31.7,30.1,32.8,30.9,28.7,31.2,31,30.7,31.2,31.1,32.7,31.1,30.5,29.3,31.9,30.4,29.8,31.2,32.6,31.6,79,75,82,65,84,76,79,75,78,74,74,70,73,84,65,78,73,77,88,68,73,77,67,75,82,74,75,75,76,75,65,76,79,80,73,78,82,74,66,70,3.7,2.3,1.4,0,2.8,1.3,5.3,0.6,3.3,1,0.2,1.4,0,2.2,0,2.4,3.1,2.4,2.9,1.4,3.8,1.2,0.7,0.9,0.5,0.1,2.1,2.6,0,0.5,0,2.5,0.1,2.9,1.3,0,0.2,1,0.2,0.1,9.7,6.8,1.8,9.1,4.7,1.6,1.1,5.7,3,4.8,0.4,4.5,3.3,4.8,1.8,2.3,4.1,2.4,1.8,2.6,3.8,7.9,6,9.7,4.6,2.3,8.6,5.5,4.1,2.1,12.3,6,8.7,4.1,6.4,5.5,4.7,4.8,2.9,13.9,,,,,,,,,,,,,,,,,,,,,,,,,,,,,,,,,,,,,,,,,32.6,31.7,29.4,33.5,32.5,32.5,34.2,32.2,32.2,30.7,32.2,32.6,33.5,32.6,31.4,32.7,29.8,29.1,32.1,31.7,32,28.8,32.8,32.7,32,31.1,31.4,32.4,32.7,30,30.4,61,61,74,60,58,62,54,62,59,70,63,59,56,63,65,61,75,75,63,61,62,77,60,58,63,67,67,63,57,71,68,0.3,0.8,3.7,0.4,0.1,0.5,0,0.8,0,1.4,1,0,0,1.2,0.1,0.9,2.8,2,1.5,0.1,0,0.4,0.2,0,0.3,0.8,0.4,0.1,0,2.5,0.5,11.3,4.7,6.8,17.4,17.4,11,9.3,11.5,21,12.3,6.3,17.8,19.9,9.9,4.2,9.5,15.7,11.9,2.8,7.4,7.1,4.7,15.3,4.4,10.7,12.6,16.9,7.3,17.1,8,10,14.4,10.4,8.6,18,22,11.2,19.4,16.2,27.7,17.6,9.4,23,27,17.3,8.3,13.7,20.2,15.5,9.4,7.2,11.5,10.4,23.8,12.6,11.9,15.8,21.6,12.6,24.1,9.7,13.7,,,,,,,,,,,,,,,,,,,,,,,,,,,,,,,,,,,,,,,,,,,,,,,,,,,,,,,,,,,,,,,,,,,,,,,,,,,,,,,,,,,,,,,,,,,,,,,,,,,,,,,,,,,,,,,,,,,,,,,,,,,,,,,,,,,,,,,,,,,,,,,,,,,,,,,,,,,,,,,,,,,,,,,,,,,,,,,,,,,,,,,,,,,,,,,,,,,,,,,,,,,,,,,,,,,,,,,,,,,,,,,,,,,,,,,,,,,,,,,,,,,,,,,,,,,,,,,,22.2204,114.2127
2025-07-19T18:00,28.9,30.7,28.7,31.9,28.5,29.6,29.3,29.9,28.5,29.7,30.1,30.2,31.2,28.5,31.7,29.6,31.4,30.2,28.4,30.8,30.9,29.9,31.7,29.7,28.6,30.5,30.7,30.2,30.4,30.8,30.8,30.3,30,28.6,31.1,30.3,29.5,30.6,30.6,31.4,82,77,84,70,87,81,84,82,88,78,81,76,75,89,72,81,72,81,89,78,78,79,72,82,83,78,77,77,80,78,75,80,82,81,77,79,84,77,76,71,1.4,0.3,0,0,0.3,0.9,3.4,1.7,4.3,0.8,0.3,1.7,0,2.9,0.2,0.6,1.2,1.8,0.3,1.7,2.5,0.1,0.8,0.7,0,1.7,0.3,1.9,1.6,0,0.3,3.4,0.6,1.8,1.8,0,0,0,4.4,0,5,3.7,3.4,7.4,6,2.3,3.7,4,6.5,4.3,4.9,4.1,4,2.2,6.6,1.6,2.2,4.6,3.6,3.4,2.4,4.1,5.7,8.4,3.4,4.3,7.1,4.5,4.6,2.2,17.1,3.9,6.1,3.7,5,6.3,6.6,3.6,6.8,10.5,,,,,,,,,,,,,,,,,,,,,,,,,,,,,,,,,,,,,,,,,32.3,31.2,29.2,32.2,32,31.8,33.5,31.4,32.1,30,31.9,32.1,32.7,32.2,31,32.1,29.2,29,32,31.3,31.7,28.8,32.4,32.2,31.5,30.6,30.8,31.9,32.5,29.8,29.9,62,63,75,67,60,65,56,65,60,73,64,61,60,65,67,63,77,75,64,63,64,78,61,61,65,69,69,65,58,72,69,0,0.4,0.7,4,0,2.5,0.7,1,0,1.1,0.1,0.5,1.8,2.7,0.2,0.7,1.8,0,0,0.1,0.7,0,0.3,0.4,0.4,0,1.2,0.9,0.1,0.5,0.4,9.2,6.5,6.1,14.2,15.5,10.8,3.7,12.2,20,6.8,5.6,15.9,19.5,9.6,5.8,11,11.4,7.7,2.9,7.7,3,3.1,14.3,4,8,11.9,15.3,6.9,14.9,7.2,6,12.6,11.9,9,18.7,20.9,12.2,17.6,14,27.7,18.7,7.9,21.6,27.4,15.1,9,14.8,19.8,14,8.6,7.9,9,9.4,24.1,11.9,10.1,14,25.2,10.8,22.7,9,11.5,,,,,,,,,,,,,,,,,,,,,,,,,,,,,,,,,,,,,,,,,,,,,,,,,,,,,,,,,,,,,,,,,,,,,,,,,,,,,,,,,,,,,,,,,,,,,,,,,,,,,,,,,,,,,,,,,,,,,,,,,,,,,,,,,,,,,,,,,,,,,,,,,,,,,,,,,,,,,,,,,,,,,,,,,,,,,,,,,,,,,,,,,,,,,,,,,,,,,,,,,,,,,,,,,,,,,,,,,,,,,,,,,,,,,,,,,,,,,,,,,,,,,,,,,,,,,,,,22.2204,114.2127
2025-07-19T19:00,28.4,30.2,28.4,31.1,28.2,28.8,28.8,29.2,27.7,29,29.2,29.3,30.3,28,30.7,28.8,30.7,29.6,28.4,29.7,28.5,29.5,30.7,29.1,28,29.7,30,30.1,28.9,29.9,29.3,29.7,29.4,27.8,30.6,29.8,28.2,29.8,29.1,31.3,86,80,87,76,88,86,88,87,94,81,86,81,84,92,79,85,80,85,89,85,91,82,77,86,87,83,81,78,88,85,84,84,85,85,81,83,93,83,85,71,0.6,0,0,0,0,1.8,0.1,5.1,7.5,0.8,1.3,1.5,0,2.8,0,0.7,0,0,0,0.8,6.2,0,1,0.5,0.3,1.9,1,0,8.2,0.1,0.1,2.3,2.2,2.3,0,0,9.1,0,5.9,0,1.6,4.3,1.1,2.9,7.2,4.8,4.7,2.9,9.4,3.5,3.4,3.4,3.5,0.5,5.4,2.9,2.6,6.6,4.6,4.2,7,3.8,3.3,5.8,5.7,4.3,4.5,2.9,5.2,1.8,17.2,3.4,3.4,3.7,4.8,5.2,3.2,2.4,6.5,9,,,,,,,,,,,,,,,,,,,,,,,,,,,,,,,,,,,,,,,,,32.2,31,29.5,30.6,31.7,31,32.8,30.6,32,29.3,31.6,31.5,31.6,31.8,30.8,31.4,28.9,29.2,32,30.8,31.2,29.5,32.1,31.6,31,30.3,30.5,31.4,32.2,29.9,29.8,62,66,74,75,62,69,59,68,62,75,66,64,64,66,68,65,78,73,64,67,66,75,62,64,67,70,70,68,58,71,70,0,0.4,0.7,4,0,2.5,0.7,1,0,1.1,0.1,0.5,1.8,2.7,0.2,0.7,1.8,0,0,0.1,0.7,0,0.3,0.4,0.4,0,1.2,0.9,0.1,0.5,0.4,5.4,8.6,7.3,7.2,12.4,10.4,3.5,10.9,18.6,5.4,4.9,13.8,19.6,7.3,8.2,12.2,7.3,0.8,2.5,8.5,1.8,3.4,14.5,3,3.7,9.8,14.3,6.4,13,6.6,2.6,10.8,13.3,10.1,18.7,18.4,14,15.5,11.2,28.8,20.9,6.1,19.1,28.4,12.6,10.4,16.9,18,11.5,7.6,10.1,7.2,9.7,25.2,10.4,7.2,10.8,30.2,8.6,21.2,7.9,9.7,,,,,,,,,,,,,,,,,,,,,,,,,,,,,,,,,,,,,,,,,,,,,,,,,,,,,,,,,,,,,,,,,,,,,,,,,,,,,,,,,,,,,,,,,,,,,,,,,,,,,,,,,,,,,,,,,,,,,,,,,,,,,,,,,,,,,,,,,,,,,,,,,,,,,,,,,,,,,,,,,,,,,,,,,,,,,,,,,,,,,,,,,,,,,,,,,,,,,,,,,,,,,,,,,,,,,,,,,,,,,,,,,,,,,,,,,,,,,,,,,,,,,,,,,,,,,,,,22.2204,114.2127
2025-07-19T20:00,28.3,29.7,28.1,30.7,27.5,28.4,28.3,28.3,27.8,28.5,28.3,27.9,29.7,27.8,29.8,28.6,30.1,29.3,28.4,29.2,28.3,29.2,29.8,28.9,27.2,29,29.5,29.9,28.1,29.3,29.1,29.2,28.9,27.1,30,29.2,28.2,28.8,28.8,31,87,85,89,80,92,88,90,91,92,86,91,89,89,92,86,88,86,87,87,87,92,85,83,87,91,88,84,81,91,89,83,86,87,89,85,88,93,90,86,71,0.2,0,0,0,1,0,0.1,4.5,4.4,1.2,2.2,2.4,0,1.1,0.9,0,0.2,0,0.1,1.4,1.1,0,2.7,0.3,1.1,0,0.2,0,3.9,0,0.1,1,2.3,2.8,0,0,9.5,1,0.2,0,2.6,4.3,2.8,1.8,7.3,4.8,5,2.2,8.5,1.9,3.6,3.6,3.4,4.5,6.5,2.6,1.5,6.1,7.4,4,3.1,5,4,6.4,5.9,5.6,3.9,2.9,4.3,3.3,10.1,5.1,4.8,4.6,4.6,3.7,3.8,2.6,2.4,9.2,,,,,,,,,,,,,,,,,,,,,,,,,,,,,,,,,,,,,,,,,32,30.7,29.7,29.6,31.3,30.3,32.2,30,31.9,29,31.2,30.6,30.9,31.4,30.6,30.8,28.6,29.5,31.9,30.4,30.8,30,31.9,31,30.6,30.1,30.2,30.8,32,30,29.7,63,68,73,80,65,72,61,71,63,76,67,68,68,67,69,67,79,72,64,69,68,73,63,68,69,71,71,70,60,71,70,0,0.4,0.7,4,0,2.5,0.7,1,0,1.1,0.1,0.5,1.8,2.7,0.2,0.7,1.8,0,0,0.1,0.7,0,0.3,0.4,0.4,0,1.2,0.9,0.1,0.5,0.4,2.3,10.2,8.9,2,9.7,11.1,8.2,10.1,17.8,9.9,5.2,12.3,18.6,5.1,9.7,12.9,10.1,5.1,2.6,9.7,4.6,4.3,16.5,1.9,1.9,6.6,16.9,5.4,11.4,5.9,6.2,10.1,14.4,10.1,17.6,15.8,15.8,14,9,28.8,22,5.4,18,27.7,10.8,10.8,18.7,16.6,9.7,7.2,11.9,6.8,10.8,27,9.4,5,9,34.6,7.6,19.8,7.6,8.6,,,,,,,,,,,,,,,,,,,,,,,,,,,,,,,,,,,,,,,,,,,,,,,,,,,,,,,,,,,,,,,,,,,,,,,,,,,,,,,,,,,,,,,,,,,,,,,,,,,,,,,,,,,,,,,,,,,,,,,,,,,,,,,,,,,,,,,,,,,,,,,,,,,,,,,,,,,,,,,,,,,,,,,,,,,,,,,,,,,,,,,,,,,,,,,,,,,,,,,,,,,,,,,,,,,,,,,,,,,,,,,,,,,,,,,,,,,,,,,,,,,,,,,,,,,,,,,,22.2204,114.2127
2025-07-19T21:00,28,29.4,27.9,30,27.3,27.5,28.1,27.7,28,27.6,27.9,27.1,29.3,27.8,29.7,28.4,29.5,29.2,28.1,28.9,28.4,29,29.3,29.1,27,28.7,29.2,29.6,27.8,28.8,29.1,29.1,28.7,26.9,29.1,29.1,28.4,28.2,28.4,30.9,89,87,90,86,92,92,90,94,88,90,93,92,92,92,85,88,88,86,85,90,91,86,84,86,92,89,86,82,92,91,81,87,89,91,90,89,92,92,90,72,1.1,0.1,0.1,1,0.9,2,0,1.7,1,2.5,1.4,3.5,0,0,0,0,3.1,0,0.1,2.7,0,0,2.4,0,0.6,0.4,0,0,0,0,0,0,0.3,1.1,1,0,0,1.7,0,0,2.7,5.1,4,1.8,2.5,3.1,6.2,4.2,8.9,1.8,5.2,2.1,2.3,8,5.8,7.4,0.8,7.4,10,2.8,6.3,3.2,5.4,9,2.3,6,5.4,3.4,4.7,2.2,12.4,7.3,6.6,5.8,4.6,6.9,11.2,4.1,3.7,9.4,,,,,,,,,,,,,,,,,,,,,,,,,,,,,,,,,,,,,,,,,31.7,30.6,29.6,29.3,31,29.7,31.8,29.6,31.6,29.2,31,29.6,30.5,31.2,30.5,30.5,28.1,29.5,31.7,30.2,30.5,30,31.7,30.5,30.5,30.1,30,30.2,31.4,30.1,29.5,64,69,74,80,68,74,63,73,64,75,69,74,70,68,70,68,82,72,65,70,70,73,64,71,69,71,71,72,63,71,71,0.4,0,0,4.9,0.7,1.8,0.1,0.1,0.1,0.6,1.6,2.5,0.1,0,0,0.6,6.2,0.1,0,0.2,0.2,0.1,0.7,1.8,0.3,0,0.5,1,0.6,0,1.1,1.1,11,8.6,1.1,7.2,12.5,8.2,9.6,16.2,10.5,5.7,12.2,15.4,3.6,8.3,12.8,10.7,6.8,3.3,10.3,6.5,6.3,18.8,1.5,1.8,1.1,18.4,5.4,11,1.6,7.6,11.9,14.8,9,15.1,13,17.3,13,8.3,27.4,21.6,6.1,18.4,23.4,10.1,9.7,19.4,15.8,9,7.6,12.6,8.6,13,30.2,7.6,4.7,9.4,36.7,9,18.4,9,7.6,,,,,,,,,,,,,,,,,,,,,,,,,,,,,,,,,,,,,,,,,,,,,,,,,,,,,,,,,,,,,,,,,,,,,,,,,,,,,,,,,,,,,,,,,,,,,,,,,,,,,,,,,,,,,,,,,,,,,,,,,,,,,,,,,,,,,,,,,,,,,,,,,,,,,,,,,,,,,,,,,,,,,,,,,,,,,,,,,,,,,,,,,,,,,,,,,,,,,,,,,,,,,,,,,,,,,,,,,,,,,,,,,,,,,,,,,,,,,,,,,,,,,,,,,,,,,,,,22.2204,114.2127
2025-07-19T22:00,27.8,29,27.8,29.4,27.4,27.1,28,27.7,28.3,26.9,27.9,26.7,29.2,28,29,28.1,29.3,29.3,27.6,28.8,28.7,28.7,29.1,29.3,27,28.4,29.2,29.6,27.7,28.6,29,29,28.3,26.8,28.9,29.1,28.8,27.8,28.1,30.8,90,90,90,90,91,94,90,93,84,93,92,94,94,91,90,91,86,85,86,91,88,88,84,84,92,90,86,82,92,93,80,88,91,91,90,86,88,93,93,73,4.6,0.6,0,0.3,0,5.3,0,0,0,2.7,0.9,4.5,0,0,3.6,0.4,1.3,0,0.3,2.9,0,0,0.4,0,0.5,2.7,0,0,0,0,0,0.1,0.5,0.1,0.8,0.2,0,0.6,0,0,1.5,5.8,2.9,4.5,7.6,1.8,5.6,5.1,10.1,3.4,5.9,3.7,0.5,8,3.7,5.3,2.2,9,12.2,4.1,5.4,3.6,5.6,12.5,6.1,5.1,5.8,2.7,3.4,2.4,17.3,7.6,6.6,4.8,8.7,11.9,12,4.1,4.7,10.2,,,,,,,,,,,,,,,,,,,,,,,,,,,,,,,,,,,,,,,,,31.4,30.5,29.5,29.4,30.6,29.1,31.5,29.5,31.4,29.8,30.7,28.6,30.3,31.1,30.5,30.4,27.6,29.5,31.5,30.2,30.1,29.8,31.5,30.1,30.6,30.1,30,29.6,30.7,30.4,29.4,66,69,74,77,70,76,65,74,66,72,71,81,72,68,70,69,86,73,65,70,72,73,64,73,69,70,72,75,68,71,73,0.4,0,0,4.9,0.7,1.8,0.1,0.1,0.1,0.6,1.6,2.5,0.1,0,0,0.6,6.2,0.1,0,0.2,0.2,0.1,0.7,1.8,0.3,0,0.5,1,0.6,0,1.1,3.5,11.2,6.8,4.1,4.9,14.5,6.5,8.9,14.7,10,6.2,12.5,11.7,2.5,6.2,12.3,9.3,7.1,4.7,10.6,7.9,9.7,21.3,3.3,2.5,5.6,19.5,8.6,11.4,4.4,7.6,14.8,14,7.2,11.5,9.7,18.7,12.2,8.6,25.6,20.2,7.9,19.8,17.3,10.1,7.6,19.8,14.8,9,8.6,13,11.9,15.8,34.2,6.1,5,10.4,38.5,11.9,17.3,11.2,7.2,,,,,,,,,,,,,,,,,,,,,,,,,,,,,,,,,,,,,,,,,,,,,,,,,,,,,,,,,,,,,,,,,,,,,,,,,,,,,,,,,,,,,,,,,,,,,,,,,,,,,,,,,,,,,,,,,,,,,,,,,,,,,,,,,,,,,,,,,,,,,,,,,,,,,,,,,,,,,,,,,,,,,,,,,,,,,,,,,,,,,,,,,,,,,,,,,,,,,,,,,,,,,,,,,,,,,,,,,,,,,,,,,,,,,,,,,,,,,,,,,,,,,,,,,,,,,,,,22.2204,114.2127
2025-07-19T23:00,27.5,28.5,27.5,29.4,27.6,27.1,27.7,27.7,28.3,26.7,27.7,26.7,29,28.1,28.8,27.6,29.3,29,26.9,29.1,29.1,28.4,28.7,28.9,27.2,28.1,29.2,29.4,27.4,28.3,28.9,28.9,27.9,26.7,29.1,29,29,27.6,28.1,30.9,90,92,93,84,90,94,91,93,83,92,92,92,95,91,91,93,85,87,90,84,81,87,85,86,91,91,85,84,93,94,81,89,93,93,86,83,86,93,90,71,1.3,5.7,0.1,0,0,0.3,1.6,0.1,0,2,1.1,0.8,0.4,0,5.4,2.6,0,0.2,2.6,0,0,1.6,2.3,1.1,0,0.7,0,0.1,2.9,0,0,0.1,3.3,0.2,0.6,0.2,0,0.4,0,0.4,7.7,4.1,1.8,6.5,8.5,6,5.4,5.4,16.9,4.2,8.9,6.4,1.6,10,3.8,11.6,3.3,8.3,15.5,9.4,9.3,6.1,1.4,14.5,8.5,6.5,6.6,4.8,6.1,4,23.4,8.3,6.9,4.2,9.8,16.9,15.8,6.3,7.4,13.2,,,,,,,,,,,,,,,,,,,,,,,,,,,,,,,,,,,,,,,,,30.8,30.1,29.3,29.5,30.3,28.7,31.2,29.3,31.1,30.1,30.5,28,30.1,31,30.4,30.2,27.3,29.2,31.2,30.1,29.8,29.6,31.3,29.8,30.6,30.1,30,29.3,30.1,30.3,29.3,69,71,75,74,72,78,66,75,67,70,72,85,73,69,71,70,88,75,66,70,74,73,65,75,69,70,71,76,71,72,74,0.4,0,0,4.9,0.7,1.8,0.1,0.1,0.1,0.6,1.6,2.5,0.1,0,0,0.6,6.2,0.1,0,0.2,0.2,0.1,0.7,1.8,0.3,0,0.5,1,0.6,0,1.1,5.2,10.7,5.2,5.9,3.3,15.2,6,8.1,13.7,11,6.1,12.6,9.1,1.3,4,11.9,8.1,7.4,5.6,10,9.1,11.9,22.2,3.1,3.2,9.4,21.3,11.2,11.2,8.4,5.8,15.8,13.3,5.8,9.4,7.9,19.4,12.2,8.3,23.8,19.1,8.6,22.7,14,10.4,6.1,20.9,13.7,9.7,9,13,14.4,18,35.6,6.8,5.4,11.5,40.7,13.7,16.2,12.2,7.9,,,,,,,,,,,,,,,,,,,,,,,,,,,,,,,,,,,,,,,,,,,,,,,,,,,,,,,,,,,,,,,,,,,,,,,,,,,,,,,,,,,,,,,,,,,,,,,,,,,,,,,,,,,,,,,,,,,,,,,,,,,,,,,,,,,,,,,,,,,,,,,,,,,,,,,,,,,,,,,,,,,,,,,,,,,,,,,,,,,,,,,,,,,,,,,,,,,,,,,,,,,,,,,,,,,,,,,,,,,,,,,,,,,,,,,,,,,,,,,,,,,,,,,,,,,,,,,,22.2204,114.2127
2025-07-20T00:00,28,28.4,27.3,29.2,27.9,27.3,27.5,27.5,27.9,26.6,27,26.9,29,28.2,28.9,27.8,29,28.7,26.9,29.4,29.2,28.2,27.6,27.9,27.4,28.1,29.2,29.3,27,28.2,28.7,28.8,27.8,26.6,29.1,29.1,28.8,27.5,28.2,31,85,91,93,83,89,93,91,93,88,91,93,91,93,89,90,90,87,87,92,79,77,87,92,92,90,91,84,84,94,94,83,89,93,93,86,78,87,92,87,68,0,12.9,0.9,0,0,0.1,1.8,5.1,0,0.5,5.4,0,0,0,0,0.1,0,0.2,3.1,0,0,3.3,4.9,3.9,0.1,0,0,0.4,3.5,0,0.6,0.1,5.3,0.4,2.2,0.3,0,0,0,0.4,12.1,4.8,3.3,8.5,10.6,7,7.6,6.9,22.5,6.6,12.7,5.5,4,11.7,8.4,17.1,2.3,11.9,19.6,13.2,13.7,8.1,3.8,22.8,8.1,6.9,8.4,4.6,6.8,4,29.5,9,9.1,4,12,23.1,21.9,6.3,10.9,20.4,,,,,,,,,,,,,,,,,,,,,,,,,,,,,,,,,,,,,,,,,29.8,29.1,29.4,29.5,30.1,28.4,31.2,29.1,30.8,30.2,30.2,28.1,29.9,30.5,30.4,30,27.5,28.7,31,30,29.6,29.4,30.9,29.7,30.4,29.9,30.2,29.3,29.9,29.9,29.4,75,76,75,73,73,80,66,76,69,70,73,84,73,71,71,70,86,78,67,71,75,74,67,75,70,71,69,76,72,74,74,10,0.8,0.7,0.5,0.3,0.5,0.1,0.2,0,0,0.4,2.5,2.8,0.6,0,0,0.8,2.7,0,0.6,0.1,0.5,0.4,0.1,0.5,0.3,0.2,0.2,0.6,0.3,1,3.6,9.7,4,4.7,2.2,14.8,7.2,5.4,12.4,11.2,4.7,13.6,10.2,3.4,1.8,11.9,7.2,8.1,3.7,9.4,9.3,11.2,19.8,2.2,2.4,8.3,24.8,10.7,9.9,8.7,2.5,12.2,11.2,4.7,10.1,7.6,19.4,13,6.5,21.2,18,7.2,27,15.8,11.2,4.7,22.7,11.5,11.2,7.2,13.3,15.1,18.7,31.7,11.5,5,11.5,44.6,14,15.8,10.1,10.4,,,,,,,,,,,,,,,,,,,,,,,,,,,,,,,,,,,,,,,,,,,,,,,,,,,,,,,,,,,,,,,,,,,,,,,,,,,,,,,,,,,,,,,,,,,,,,,,,,,,,,,,,,,,,,,,,,,,,,,,,,,,,,,,,,,,,,,,,,,,,,,,,,,,,,,,,,,,,,,,,,,,,,,,,,,,,,,,,,,,,,,,,,,,,,,,,,,,,,,,,,,,,,,,,,,,,,,,,,,,,,,,,,,,,,,,,,,,,,,,,,,,,,,,,,,,,,,,22.2204,114.2127
2025-07-20T01:00,28.3,28.5,27.4,29.1,28.1,27.4,27.4,27.4,27.8,26.6,26.8,27,29,28.3,29,27.2,29,28.9,26.9,29.3,29.1,28,27.2,28,27.5,28.2,29.2,28.4,26.9,28.1,27.9,28.7,27.8,26.5,29.1,28.4,28.7,27.5,28.5,30.7,82,89,91,82,86,91,91,93,90,91,92,91,90,88,88,92,84,85,93,78,75,88,94,90,90,90,84,89,94,93,88,90,91,94,85,80,82,91,85,69,0,10,0.3,0,0,0,1.1,1.3,0,0.5,5,0,0,0,0.1,0.8,0.4,0,5.8,0,0,1.8,6.1,1.9,0.2,0,0,2.8,0,0,1.3,0.1,6.9,0.6,0.5,1,0.7,1.4,0,0,14.9,6.5,5.9,9.4,14.6,7.4,7.4,6.7,26.9,7.6,16.3,6.3,5.4,17.4,10.7,25.2,5.8,13.7,22.2,18.9,18.6,8.9,3.9,34.7,10.1,10,10.4,4.8,3.8,5.9,34.3,10,9,5.4,15,29.3,30.7,6.1,16.1,26.4,,,,,,,,,,,,,,,,,,,,,,,,,,,,,,,,,,,,,,,,,28.5,27.8,29.5,29.5,30,28,31.2,29,30.5,30.1,29.9,28.8,29.8,29.9,30.3,29.9,28,28,30.8,29.8,29.5,29.1,30.4,29.8,30,29.5,30.5,29.5,29.7,29.1,29.5,82,83,75,72,73,82,65,76,70,70,74,80,72,74,71,69,83,83,68,73,75,76,70,74,72,73,67,74,71,77,74,10,0.8,0.7,0.5,0.3,0.5,0.1,0.2,0,0,0.4,2.5,2.8,0.6,0,0,0.8,2.7,0,0.6,0.1,0.5,0.4,0.1,0.5,0.3,0.2,0.2,0.6,0.3,1,3.3,8.4,3.1,3.1,2.9,14.5,9.4,1.3,11.2,10.9,2.1,18.2,13.3,7.1,0.5,12,6.2,9.7,2.1,8.6,9.2,9.9,15.7,8.6,2.5,6.7,28.7,8.6,8,6.5,5.6,6.5,9,4.3,12.2,8.3,18.7,14.4,4,19.1,17.3,5.4,33.1,19.8,12.2,4,24.8,8.6,13,5,13.3,15.1,18.7,24.8,18.7,4.7,11.5,49,13.3,15.8,6.5,14,,,,,,,,,,,,,,,,,,,,,,,,,,,,,,,,,,,,,,,,,,,,,,,,,,,,,,,,,,,,,,,,,,,,,,,,,,,,,,,,,,,,,,,,,,,,,,,,,,,,,,,,,,,,,,,,,,,,,,,,,,,,,,,,,,,,,,,,,,,,,,,,,,,,,,,,,,,,,,,,,,,,,,,,,,,,,,,,,,,,,,,,,,,,,,,,,,,,,,,,,,,,,,,,,,,,,,,,,,,,,,,,,,,,,,,,,,,,,,,,,,,,,,,,,,,,,,,,22.2204,114.2127
2025-07-20T02:00,28.4,28.7,27.4,29.1,28.4,27.5,27.1,27.3,28.2,26.7,27,27.3,29.4,27.9,28.7,27.3,29.4,29,26.8,28.7,29.2,28,27.2,28.4,27.6,28.3,29,27.8,26.8,28.1,28.2,28.8,27.7,26.5,29.1,28.6,28.6,27.6,28.5,29.2,81,86,89,80,85,90,92,93,84,91,91,91,82,91,87,93,75,81,94,80,73,88,94,86,88,89,83,92,95,92,84,89,91,94,83,77,79,89,85,77,0,2.1,0,0,0,0,2.3,0,0,0.2,1.1,0,0,2.2,0.8,2.5,0,0.2,7.2,0.3,0,0,3.6,0.2,0,0,0,5.2,0,1.3,2.5,0.6,3.6,1.6,0,0.3,0,1.4,0,0.6,15.9,10.3,6.3,12,19.9,7.3,7.4,4.5,32.1,9.1,19.6,8.9,9.4,22,14.1,27.5,10.4,15.6,26.1,27.6,22.3,11.5,6.6,40.3,13.4,11.2,10.9,8.7,5.8,5.6,35.9,10.5,10.2,7.8,19.8,34.6,35.7,8.4,25,36,,,,,,,,,,,,,,,,,,,,,,,,,,,,,,,,,,,,,,,,,27.7,27,29.5,29.5,29.8,28,31.2,28.9,30.2,30,29.6,29.2,29.5,29.4,30.1,29.8,28.3,27.6,30.5,29.6,29.4,29,30,29.7,29.8,29.1,30.7,29.6,29.5,28.7,29.5,86,87,75,72,73,83,65,77,71,71,74,76,72,76,72,69,80,85,69,74,75,77,72,73,73,74,66,73,71,79,74,10,0.8,0.7,0.5,0.3,0.5,0.1,0.2,0,0,0.4,2.5,2.8,0.6,0,0,0.8,2.7,0,0.6,0.1,0.5,0.4,0.1,0.5,0.3,0.2,0.2,0.6,0.3,1,2.9,5.9,2.9,3.6,5.2,13.5,9.5,1.8,13,10.7,1.6,24.3,14.7,9.2,1.8,12.2,5.2,11.1,2.6,8.3,8.8,9.1,13.5,16,2.9,8.1,31.7,7.7,5.4,4.2,9.4,5,7.6,5.4,14.4,11.5,19.1,15.1,2.9,21.2,17.3,5,39.2,23.4,13,4.7,27.4,6.8,16.2,4.7,13.3,15.1,18.7,22.3,27,5,12.2,52.6,12.6,15.1,5.8,16.6,,,,,,,,,,,,,,,,,,,,,,,,,,,,,,,,,,,,,,,,,,,,,,,,,,,,,,,,,,,,,,,,,,,,,,,,,,,,,,,,,,,,,,,,,,,,,,,,,,,,,,,,,,,,,,,,,,,,,,,,,,,,,,,,,,,,,,,,,,,,,,,,,,,,,,,,,,,,,,,,,,,,,,,,,,,,,,,,,,,,,,,,,,,,,,,,,,,,,,,,,,,,,,,,,,,,,,,,,,,,,,,,,,,,,,,,,,,,,,,,,,,,,,,,,,,,,,,,22.2204,114.2127
2025-07-20T03:00,28.3,28.8,27.2,29.2,28.6,27.2,26.9,27.2,28.3,27,27,27.5,29.5,28,28.4,27.4,29.2,27.8,26.3,27.4,29.2,27.9,27.6,27.6,27.8,28.3,29,27.8,26.8,27.8,28.4,28.7,27.8,26.7,29.1,28.4,28.4,27.8,28.1,28.8,82,84,90,79,83,90,93,92,78,91,92,89,79,89,89,93,71,87,94,87,73,88,91,88,88,86,82,91,94,92,80,88,90,92,81,76,80,88,86,78,0,0,0.1,0,0,0.5,2.4,0.4,0,0,2,0,0,1.9,0.4,4.6,0,2.2,4.5,2.8,0,0,0,2.4,0,0,0,4.3,0,4.5,0.3,0.6,2.5,1.5,0,0.1,0.2,0.3,2.6,1.7,15.9,13.2,6,15.8,24.2,6.6,6.9,5.8,36.7,9.2,19,11.3,15.9,28.6,18,28.9,15.2,19.5,23.7,37.9,27.2,14.7,8.7,47.4,16.5,11.7,10.4,11.3,5.8,6.9,43,14.5,10.5,9.5,23.8,41.4,37.2,7,32.1,44.5,,,,,,,,,,,,,,,,,,,,,,,,,,,,,,,,,,,,,,,,,27.9,27,29.3,29.4,29.7,28.2,31.1,28.7,30.1,29.7,29.5,29.4,29.4,29,29.8,29.9,28.5,27.9,30.1,29.5,29.4,29.1,30,29.4,29.6,28.9,30.5,29.6,29.2,28.6,29.5,84,86,75,73,73,81,65,78,70,72,75,74,72,78,74,69,79,83,71,74,75,76,71,73,74,75,68,73,72,79,74,0.9,0.2,0.4,0.2,1.8,1.4,0,1.2,0,0.4,0.1,0.6,0.2,2.4,1,0,0.1,0,2.1,0.2,0.2,0.2,0.1,2.7,2.4,0.3,0.2,0.1,0.5,0.5,0.7,2.9,1.8,4.7,5.4,8.6,12.7,7.6,2.6,19.2,11,4.2,28.7,12.8,8.4,4.8,12.7,3.3,12.2,3,7.2,8.2,8.7,15.4,26.9,2.9,9.6,32,6.6,2.4,3.6,9.5,11.5,8.3,9.7,15.5,18.4,22,15.1,3.2,31.3,18.4,7.9,46.1,25.2,12.2,9,29.9,6.5,21.2,7.9,12.2,15.1,18.4,26.3,38.2,7.2,14,54,11.2,12.6,9,16.9,,,,,,,,,,,,,,,,,,,,,,,,,,,,,,,,,,,,,,,,,,,,,,,,,,,,,,,,,,,,,,,,,,,,,,,,,,,,,,,,,,,,,,,,,,,,,,,,,,,,,,,,,,,,,,,,,,,,,,,,,,,,,,,,,,,,,,,,,,,,,,,,,,,,,,,,,,,,,,,,,,,,,,,,,,,,,,,,,,,,,,,,,,,,,,,,,,,,,,,,,,,,,,,,,,,,,,,,,,,,,,,,,,,,,,,,,,,,,,,,,,,,,,,,,,,,,,,,22.2204,114.2127
2025-07-20T04:00,27.9,28.7,27.1,29.3,28.6,26.9,26.9,27.1,28.2,27.1,26.7,27.6,29.4,28.2,28.1,26.9,29,27.7,26.4,26.7,29,27.7,27.8,26.3,27.8,28.4,28.8,27.9,26.9,27.9,27.7,28.7,27.9,26.7,29,28.2,28.2,27.7,28.2,29.1,86,84,91,77,81,92,94,92,78,91,94,88,76,85,92,91,73,84,93,89,73,88,88,94,89,84,82,89,94,92,84,85,90,92,79,76,80,87,81,74,1,0,0.5,0,0,1.9,1.1,0.5,0,0.2,7.7,0,0,1.9,1.4,4.4,0,2.1,1.9,11.6,0,0,0,20.7,0,0,0,1.3,0,1.1,3.7,0.1,0.6,2.3,0,0.3,0,0.7,1.9,0.5,18.8,16.3,8.7,20.8,31.3,8.4,7.6,6.1,38.3,8.4,21.7,13.3,23.5,30.7,25,32.3,15.5,22.7,15.3,43.5,33.1,15.5,10.8,51,20.6,11.5,11.7,14.4,6.9,8.7,47,23.4,9.8,10.5,28.5,44.9,40,8.6,35,50.1,,,,,,,,,,,,,,,,,,,,,,,,,,,,,,,,,,,,,,,,,28.5,27.5,29,29.1,29.5,28.8,31,28.5,30,29.4,29.4,29.5,29.1,28.7,29.2,29.9,28.5,28.5,29.6,29.6,29.4,29.2,30,29,29.5,28.6,30,29.6,29,28.8,29.4,80,82,76,75,74,79,66,79,69,72,75,73,73,79,76,68,78,79,74,74,75,75,69,74,74,77,71,74,74,78,74,0.9,0.2,0.4,0.2,1.8,1.4,0,1.2,0,0.4,0.1,0.6,0.2,2.4,1,0,0.1,0,2.1,0.2,0.2,0.2,0.1,2.7,2.4,0.3,0.2,0.1,0.5,0.5,0.7,10.8,4,9.1,8,14.1,15.4,6.8,3.3,28.1,11.5,7.5,33.4,12.6,6.6,10,14.3,3.6,13.9,7.6,6.2,8.2,8.6,19.9,39,6.1,11,31.3,5.2,3.1,7.9,8.3,22,10.4,15.5,16.2,27.4,25.9,14.8,5,45.7,20.2,12.2,52.9,25.9,11.2,14.8,32.8,7.6,27.7,13,11.2,15.1,18.4,33.8,50.4,10.4,16.9,54.4,9.4,9.4,14.8,16.2,,,,,,,,,,,,,,,,,,,,,,,,,,,,,,,,,,,,,,,,,,,,,,,,,,,,,,,,,,,,,,,,,,,,,,,,,,,,,,,,,,,,,,,,,,,,,,,,,,,,,,,,,,,,,,,,,,,,,,,,,,,,,,,,,,,,,,,,,,,,,,,,,,,,,,,,,,,,,,,,,,,,,,,,,,,,,,,,,,,,,,,,,,,,,,,,,,,,,,,,,,,,,,,,,,,,,,,,,,,,,,,,,,,,,,,,,,,,,,,,,,,,,,,,,,,,,,,,22.2204,114.2127
2025-07-20T05:00,27.6,28.4,27.4,29.3,28.9,26.9,26.9,27.1,28.1,27.1,26.6,27.7,29.5,27.8,28.6,26.1,28.9,27.6,26.7,28.1,28.9,26.7,27.8,26.4,27.8,28.5,28.7,28.1,26.9,28,26.6,28.6,27.9,26.8,29,27.9,28.1,27.8,28.8,29.7,87,86,89,76,76,90,94,91,79,90,94,87,71,86,82,95,73,84,91,78,73,94,87,95,89,82,82,86,94,91,92,81,90,91,77,82,80,87,74,69,3.1,0.3,0.2,0,0.3,0.2,0.7,0,0,0,13.4,0,0,4,1.6,5.1,0,0.5,0.3,9.2,2,2.5,0.1,27.3,0,0,0,0,0,0.3,9,0,0,0.6,0.3,1.7,0,0,0.9,0.1,24.9,23.7,11.3,25.8,37.5,12.8,7.6,5.9,39.7,9,18.9,13.6,30.8,30.9,31.3,29.9,17.1,29.8,11.3,50.1,38.5,18.2,11.6,56.1,24.9,11.5,14.1,13.8,6.9,9.5,49.6,32,11,12,37,44.5,46.1,7.7,41.5,56.9,,,,,,,,,,,,,,,,,,,,,,,,,,,,,,,,,,,,,,,,,29.1,27.9,28.9,29,29.4,29,30.8,28.5,29.9,29.1,29.3,29.3,28.8,28.6,28.9,30,28.7,28.8,29.2,29.7,29.4,29.4,30,28.6,29.5,28.6,29.6,29.5,28.7,29,29.3,76,79,76,76,74,77,66,79,68,73,75,73,75,79,77,68,77,77,76,73,75,74,68,76,74,77,73,74,76,77,73,0.9,0.2,0.4,0.2,1.8,1.4,0,1.2,0,0.4,0.1,0.6,0.2,2.4,1,0,0.1,0,2.1,0.2,0.2,0.2,0.1,2.7,2.4,0.3,0.2,0.1,0.5,0.5,0.7,18.3,8.3,12.4,10,19.5,18.1,8.4,5.1,35.2,12.7,9.9,38.5,14.3,5.1,12.4,17.3,5.5,16.3,10.5,7,9,9.4,25.9,40.3,8.7,13.1,30.7,3.7,6.9,13.7,9.4,31.7,13,20.5,16.9,35.3,26.6,14,9,58,22.3,16.9,60.1,25.9,10.8,18,36.4,8.3,33.1,18.4,11.9,15.8,19.8,43.9,58.7,13.3,21.2,54.4,8.3,9,22.3,17.3,,,,,,,,,,,,,,,,,,,,,,,,,,,,,,,,,,,,,,,,,,,,,,,,,,,,,,,,,,,,,,,,,,,,,,,,,,,,,,,,,,,,,,,,,,,,,,,,,,,,,,,,,,,,,,,,,,,,,,,,,,,,,,,,,,,,,,,,,,,,,,,,,,,,,,,,,,,,,,,,,,,,,,,,,,,,,,,,,,,,,,,,,,,,,,,,,,,,,,,,,,,,,,,,,,,,,,,,,,,,,,,,,,,,,,,,,,,,,,,,,,,,,,,,,,,,,,,,22.2204,114.2127
2025-07-20T06:00,27.8,28.6,27.5,29.2,28.8,26.9,27,27.1,28.1,27.2,26.5,27.7,29.3,27.2,29.1,25.8,29,26,26.8,28.2,27.4,26.2,28,28.2,27.7,28.7,28.6,28.4,27,28.2,26.2,28.1,28.1,26.9,29,28.4,27,27.9,28.4,29.7,84,80,87,75,75,89,93,91,79,90,95,86,72,88,75,96,71,95,91,82,82,95,84,92,87,82,82,85,93,89,97,83,89,90,75,84,88,87,75,69,1.1,0,0.1,0.1,0.7,0,2.3,0,0,0,17.8,0,0,7.1,0.2,9.7,0,10,0.4,1.4,3.4,6.4,0.1,11.5,0.9,0,0.3,0,0,0,15.9,0.5,0,0,1,3.1,1.7,0,2.2,0.4,30.1,31.8,13.7,28.6,42.4,14.4,8.2,6.5,43.9,8.9,16.5,16.4,33.5,33.2,36.8,26.9,18.8,35.1,9,54.4,41.5,29.5,15.2,53.2,29,14,15.8,16.2,7.4,16.4,50.1,32.6,12.5,11.4,43,48.9,48.3,8.4,47.4,61.2,,,,,,,,,,,,,,,,,,,,,,,,,,,,,,,,,,,,,,,,,29.3,28.1,29,29.3,29.2,28.8,30.7,29,29.6,29,29.5,28.9,28.2,29,28.8,30,29,28.6,28.7,30,29.5,29.2,30,28.3,29.5,29,29.4,29.6,28.5,29.5,29.5,74,78,75,75,74,78,67,76,69,73,74,74,78,77,77,67,76,78,78,72,74,74,68,79,74,76,74,73,77,75,72,0.3,0.6,0.1,0.1,1,1.6,0.1,1,0.2,0.8,0.1,2.3,2.6,0.9,1,0,0.6,1.9,2.4,0,0.2,0.4,0.2,7.9,0.2,0.2,1.1,0.3,0.8,0.9,0.3,24.8,11.3,11.8,10.9,24,15.7,8.2,9.5,40.6,14.3,11,46.6,15,2.9,9.4,21.3,5.8,20,10.3,9.8,9.8,12.3,33.9,23.8,9,17.7,30.9,3.5,11.2,20.8,13.4,39.6,15.5,22.7,17.6,40.7,21.2,13,16.9,65.2,25.2,20.9,68,24.1,11.9,15.5,41,9,36.4,23.4,15.5,18.4,24.1,58,59.4,15.1,27.7,53.6,8.6,15.1,32,22.3,,,,,,,,,,,,,,,,,,,,,,,,,,,,,,,,,,,,,,,,,,,,,,,,,,,,,,,,,,,,,,,,,,,,,,,,,,,,,,,,,,,,,,,,,,,,,,,,,,,,,,,,,,,,,,,,,,,,,,,,,,,,,,,,,,,,,,,,,,,,,,,,,,,,,,,,,,,,,,,,,,,,,,,,,,,,,,,,,,,,,,,,,,,,,,,,,,,,,,,,,,,,,,,,,,,,,,,,,,,,,,,,,,,,,,,,,,,,,,,,,,,,,,,,,,,,,,,,22.2204,114.2127
2025-07-20T07:00,27.8,28.6,27.3,27.5,29,26.9,27,27.4,28.1,27.4,26.3,27.8,29.3,26.3,28.9,25.9,29.3,26.1,26.9,28.1,26.7,26.3,28.4,28.5,27.8,28.2,28.3,28.4,27.4,28.4,26.4,27.3,28.3,27.1,27.5,28.3,28.2,28,28.1,29.3,81,77,90,85,74,90,92,91,78,90,95,85,71,91,75,94,70,94,91,87,92,92,82,91,84,86,83,86,90,87,95,87,88,90,83,86,91,87,75,71,0,0,1.9,3.7,2,0.1,1.4,0,0,0,15.5,0.2,0,10.2,0.5,4.3,0,14.7,0.3,0.7,6.1,3,0,2.7,1.3,1.1,0.1,0,0,0,9.4,4.2,0,0,2.7,4.8,2,0,1.9,0.2,33.7,39.6,15.7,28.1,45.2,15.1,7.4,7.5,49.9,9.8,11.5,19.2,36.7,34.1,44,22.7,23.1,36.9,7.5,50.2,42,35.3,18.6,56.9,27.5,13.5,20.5,19.2,10.1,19.6,43.6,33.1,15,11.3,44.4,51.3,51.6,9.2,48.4,60.7,,,,,,,,,,,,,,,,,,,,,,,,,,,,,,,,,,,,,,,,,29.4,28.4,29.2,29.7,29,28.2,30.6,29.5,29.4,29,29.8,28.3,27.6,29.5,28.8,30.1,29.2,28.2,28.2,30.2,29.5,29,30,28,29.7,29.5,29.3,29.8,28.3,30,29.7,73,78,74,72,74,80,67,72,70,74,72,77,83,74,76,66,74,80,79,70,73,75,68,83,73,73,75,72,78,72,71,0.3,0.6,0.1,0.1,1,1.6,0.1,1,0.2,0.8,0.1,2.3,2.6,0.9,1,0,0.6,1.9,2.4,0,0.2,0.4,0.2,7.9,0.2,0.2,1.1,0.3,0.8,0.9,0.3,30.7,12.9,11,11.1,28.5,9.7,7.2,15.1,44.4,16.2,13.3,54.8,14.1,5.5,4,25.8,5.5,24.6,13.4,13.6,10.6,16.8,42.7,18.2,8.6,23,31.9,5.2,15.8,28.7,18.1,47.2,18.4,23.8,18,44.6,12.6,11.2,27,70.2,28.8,24.8,76.3,21.2,13.3,10.4,46.1,10.1,38.9,28.4,20.9,22,30.2,74.5,55.8,16.9,35.6,52.9,9.4,24.1,43.6,29.2,,,,,,,,,,,,,,,,,,,,,,,,,,,,,,,,,,,,,,,,,,,,,,,,,,,,,,,,,,,,,,,,,,,,,,,,,,,,,,,,,,,,,,,,,,,,,,,,,,,,,,,,,,,,,,,,,,,,,,,,,,,,,,,,,,,,,,,,,,,,,,,,,,,,,,,,,,,,,,,,,,,,,,,,,,,,,,,,,,,,,,,,,,,,,,,,,,,,,,,,,,,,,,,,,,,,,,,,,,,,,,,,,,,,,,,,,,,,,,,,,,,,,,,,,,,,,,,,22.2204,114.2127
2025-07-20T08:00,27.5,28.5,26.9,27,27.8,26.4,26.9,27.6,28.1,27.6,26.3,28.2,29.2,26.6,27.8,26.4,29.1,26.3,27.2,28,27,26.1,28.6,28.3,27.7,28,26.8,27.1,28.3,28.7,26.6,27.5,28.6,27.6,26.6,27.8,28.6,28.3,27.8,28.8,83,77,92,87,91,93,92,90,81,89,96,84,71,87,81,90,71,93,89,87,95,93,80,93,85,87,94,95,85,84,94,85,85,87,89,90,91,86,84,76,0.5,0.2,10.1,6.3,4,2.5,1.2,0,0.5,0,8.7,0.1,0,9.5,2,0.4,1.3,3.9,0.1,0.3,26.6,3.3,0,6.7,0.1,1.8,8.5,8.1,0,0.2,3.6,1.9,0,0,7.3,6.9,8.7,0,2.6,0.3,37.2,45.1,22.5,33.3,43.3,16.1,7.4,8.8,54,9.5,4.6,22.1,39.8,30.5,44.8,15.3,30,32.8,8.3,54.6,46,36.8,23.5,63.3,29.5,15.2,24.6,19.8,10.4,23,36.6,42.1,15,14.3,46,54.4,65.3,10.3,48.3,62,,,,,,,,,,,,,,,,,,,,,,,,,,,,,,,,,,,,,,,,,29.3,28.6,29.7,29.9,28.6,28,30.7,29.8,29.1,29,29.9,27.9,27.2,30,29,30,29.7,27.7,28.3,30.6,29.9,28.9,29.7,27.8,30.1,30.1,29.3,29.9,28.1,30.2,29.8,72,77,71,71,76,81,67,70,72,75,71,79,86,71,75,66,72,83,78,68,71,76,70,86,71,71,75,71,78,70,70,0.3,0.6,0.1,0.1,1,1.6,0.1,1,0.2,0.8,0.1,2.3,2.6,0.9,1,0,0.6,1.9,2.4,0,0.2,0.4,0.2,7.9,0.2,0.2,1.1,0.3,0.8,0.9,0.3,34.5,14.3,13.3,11.4,32.9,3.6,6.6,18.8,46.3,17.6,16.9,54.2,11.8,9.1,1.6,29.2,5.8,28.7,19.2,17.6,12.6,20.4,48.6,35.3,9.5,27.9,33.7,6.8,18.6,35.4,22.1,52.6,20.5,26.3,19.1,48.6,7.6,10.1,33.5,74.2,31.7,29.5,80.3,18.4,15.1,8.3,50.8,11.2,42.8,33.8,25.9,25.2,35.3,87.8,52.6,18.7,43.2,52.6,10.1,29.5,54,34.9,,,,,,,,,,,,,,,,,,,,,,,,,,,,,,,,,,,,,,,,,,,,,,,,,,,,,,,,,,,,,,,,,,,,,,,,,,,,,,,,,,,,,,,,,,,,,,,,,,,,,,,,,,,,,,,,,,,,,,,,,,,,,,,,,,,,,,,,,,,,,,,,,,,,,,,,,,,,,,,,,,,,,,,,,,,,,,,,,,,,,,,,,,,,,,,,,,,,,,,,,,,,,,,,,,,,,,,,,,,,,,,,,,,,,,,,,,,,,,,,,,,,,,,,,,,,,,,,22.2204,114.2127
2025-07-20T09:00,27.7,27.4,26.5,28.6,28.1,26.1,27.2,28.1,28.9,27.5,26.3,28.6,29,27.8,27.9,26.6,29,26,27.6,27.8,27.6,25.8,28.8,28.6,27.6,28.8,26.3,26.5,29.2,28.7,26.8,27.5,27.4,28.2,26.5,27.9,28.7,28.6,27.5,28.3,84,84,92,75,91,94,90,88,83,90,97,80,73,87,83,90,71,95,87,88,93,96,78,89,84,82,96,95,79,82,92,85,91,85,94,91,90,84,91,78,0.3,4.9,13.3,1.2,4.2,5.3,0.6,0,1.1,1.3,6.7,0,2.5,0.4,2.8,0.1,2.1,8.3,0,0,20.4,10.7,0,0.9,1.2,0.5,26.6,17.9,0,0.5,0.7,0.1,2.5,0,14.2,5.7,2.5,0,3.6,0.3,42.8,45.5,30.6,39.6,48.1,14.9,7.9,12.2,56.3,9.2,7.4,25.7,41.5,22.8,42.9,15.6,32.5,22.9,9.6,56.5,47.5,35.6,24,60.9,34.6,19.5,32.2,26.9,11.8,29.2,35.1,41.4,18.6,15.8,42.3,55.6,67.6,10.6,49.7,66.8,,,,,,,,,,,,,,,,,,,,,,,,,,,,,,,,,,,,,,,,,29.2,28.9,30.9,29.8,27.9,28.3,31.4,29.4,29,28.6,29.6,28,26.9,30.5,29.8,29.6,30.8,27.2,29.4,31.1,30.8,28.8,29,27.8,31.1,30.9,29.5,30,28,30,29.9,72,76,66,71,80,80,65,72,74,78,72,82,88,69,71,69,68,87,73,65,67,76,75,87,67,68,75,70,78,70,69,0.7,1.5,0,0.5,7.8,0.5,0,2.8,2.8,4,1.7,9.6,5.5,0.2,0.3,1,0.1,19,0,0.2,0,1.9,0.9,2.1,0,0.3,1.2,0,1.7,0.9,0.5,36.8,15.4,18.9,12.8,38.7,3.1,7.1,19.2,46.5,20.1,20.4,40.1,6.6,11.7,6.3,30.5,7.6,34.5,24.8,20.8,15.6,22.3,52,39.5,12.2,32.7,35.9,7.2,18.4,43.1,25.5,56.2,22,32,20.9,53.6,9.4,9.4,33.5,77.4,34.6,33.8,77.8,15.8,17.6,11.9,54,13.3,51.5,38.5,30.2,27.4,38.5,96.1,50.8,21.6,50.8,54,9.7,28.1,63.4,38.5,,,,,,,,,,,,,,,,,,,,,,,,,,,,,,,,,,,,,,,,,,,,,,,,,,,,,,,,,,,,,,,,,,,,,,,,,,,,,,,,,,,,,,,,,,,,,,,,,,,,,,,,,,,,,,,,,,,,,,,,,,,,,,,,,,,,,,,,,,,,,,,,,,,,,,,,,,,,,,,,,,,,,,,,,,,,,,,,,,,,,,,,,,,,,,,,,,,,,,,,,,,,,,,,,,,,,,,,,,,,,,,,,,,,,,,,,,,,,,,,,,,,,,,,,,,,,,,,22.2204,114.2127
2025-07-20T10:00,28.2,28.2,26.5,29.2,28,25.9,27.2,28.3,29.1,27.1,26.6,28.5,29,27.1,28.1,26.8,29.5,26.2,28,27.5,27.5,25.9,28.7,28.9,27.5,29.2,26.3,26.4,29.9,28.8,27.4,27.7,27.4,29.1,27.5,27.9,29,29.3,27.2,27,83,82,91,72,92,95,90,86,83,92,95,78,74,94,88,90,69,95,85,87,92,96,79,88,83,79,94,93,76,80,89,84,89,81,94,91,90,81,92,87,1.9,2.8,6.7,0.1,5.6,12,0.4,0,0.8,3.8,10.2,0.8,0.6,3.5,1.5,0.3,0,8.8,0,0.1,11.4,17.8,0.2,0.4,1.3,0.1,21.1,7.8,0,0.4,0,1.1,1.8,0,5.2,6.9,2.2,0,4.6,4.5,50.3,45.5,30.6,45.9,54.4,12.6,6.3,13.7,61.1,8.2,18.3,29,43.4,26.8,42.2,21.2,36.9,15,10.8,53.2,54.6,35.6,25.3,55.7,34.6,22.5,33.7,26.7,15.3,34.1,34.2,40.4,26.1,21.3,26.3,57.4,63,12.9,50,72.7,,,,,,,,,,,,,,,,,,,,,,,,,,,,,,,,,,,,,,,,,29,29,32.3,29.5,27,28.8,32.2,28.5,29,28.1,29.2,28.2,26.6,31,30.8,29,32,26.6,30.9,31.8,31.9,28.7,28.1,27.8,32.5,31.6,29.9,30.1,28,29.6,29.8,73,75,59,72,85,79,62,77,77,81,74,84,89,67,67,73,63,91,67,62,63,77,82,87,61,64,74,70,79,70,69,0.7,1.5,0,0.5,7.8,0.5,0,2.8,2.8,4,1.7,9.6,5.5,0.2,0.3,1,0.1,19,0,0.2,0,1.9,0.9,2.1,0,0.3,1.2,0,1.7,0.9,0.5,38,16.2,26,15.3,44.8,10,7.3,17.6,49,22.7,24.1,36.4,1.9,14.4,11.6,31.1,9.4,43.6,30.8,24.1,19.4,23.6,56.7,37,15.5,38.2,38.2,7.1,15.6,49.5,28.7,57.6,22.3,38.9,23.4,58,14.4,9,29.5,79.6,36.7,38.5,71.3,13.3,20.2,18.4,56.9,15.8,61.2,43.6,34.2,28.8,41,101.2,49,24.8,58,56.5,9.4,23.4,71.3,41,,,,,,,,,,,,,,,,,,,,,,,,,,,,,,,,,,,,,,,,,,,,,,,,,,,,,,,,,,,,,,,,,,,,,,,,,,,,,,,,,,,,,,,,,,,,,,,,,,,,,,,,,,,,,,,,,,,,,,,,,,,,,,,,,,,,,,,,,,,,,,,,,,,,,,,,,,,,,,,,,,,,,,,,,,,,,,,,,,,,,,,,,,,,,,,,,,,,,,,,,,,,,,,,,,,,,,,,,,,,,,,,,,,,,,,,,,,,,,,,,,,,,,,,,,,,,,,,22.2204,114.2127
2025-07-20T11:00,28.2,28.4,26.4,27.7,27.9,25.9,27.4,27.7,29,27.2,26.8,28.4,29,26.8,28.1,27.1,29.7,26.4,28.1,27.3,27,26.2,29.3,28.9,26.2,29.1,26.4,26.3,29.7,28.1,28.1,26.6,28,29.9,27.8,27.6,29,29.1,27,27.1,86,86,92,82,92,95,90,90,84,93,94,77,78,95,92,92,69,95,86,89,95,96,76,87,92,80,94,94,75,84,84,92,83,77,93,91,90,81,93,87,1,1.1,9.6,4.5,4.1,13.1,0.5,1.8,0.9,5.6,7,1.5,1.3,6.8,2.7,1.1,0.6,10.2,0.2,0.4,8.3,16,0,1.7,5.4,1.4,21.4,7.6,0.2,2.1,0,8.7,0.4,0,1.1,5.8,2.8,0.2,7.6,13.5,51.7,47.8,24.3,47.3,48.3,12.8,5.2,12.3,62.5,8.2,24.6,32.1,44.2,31.6,44.4,25.4,38.9,22.7,13.7,49.9,52.5,35.6,28.2,45.9,32.1,24.1,29.2,18.1,19.6,36.4,34.5,36.1,31.5,21.4,26.7,57.7,58.3,17.1,48.1,76.6,,,,,,,,,,,,,,,,,,,,,,,,,,,,,,,,,,,,,,,,,28.8,29.2,33.3,29.1,26.5,29.3,32.7,27.9,29.2,27.6,28.9,28.5,26.9,31.1,31.1,28.6,32.5,26.2,31.8,32.2,32.8,28.6,27.7,27.9,33.3,31.9,30.2,30.2,27.9,29.2,29.5,75,74,55,74,89,77,61,80,78,84,76,85,88,67,66,76,61,94,63,60,60,77,86,86,57,63,73,69,79,72,71,0.7,1.5,0,0.5,7.8,0.5,0,2.8,2.8,4,1.7,9.6,5.5,0.2,0.3,1,0.1,19,0,0.2,0,1.9,0.9,2.1,0,0.3,1.2,0,1.7,0.9,0.5,36.8,14.6,30.9,17.3,43.6,15.1,8.3,14,52.3,23,30.3,47.2,7.8,14.6,15.2,31.6,9.7,49,37.2,25.8,21.9,24,60.9,35.4,18.4,42.6,39.5,7.2,12.2,48.2,29.5,56.5,21.6,45,24.5,59,19.1,10.1,26.3,79.6,36,48.2,64.8,13.3,20.5,24.5,59.4,16.6,65.9,51.5,36.4,30.2,41.4,102.2,47.2,27.4,64.1,58,9.4,18.4,76,42.5,,,,,,,,,,,,,,,,,,,,,,,,,,,,,,,,,,,,,,,,,,,,,,,,,,,,,,,,,,,,,,,,,,,,,,,,,,,,,,,,,,,,,,,,,,,,,,,,,,,,,,,,,,,,,,,,,,,,,,,,,,,,,,,,,,,,,,,,,,,,,,,,,,,,,,,,,,,,,,,,,,,,,,,,,,,,,,,,,,,,,,,,,,,,,,,,,,,,,,,,,,,,,,,,,,,,,,,,,,,,,,,,,,,,,,,,,,,,,,,,,,,,,,,,,,,,,,,,22.2204,114.2127
2025-07-20T12:00,28.3,28,26.5,29.4,27.7,26.1,27.5,27.4,28.7,27.4,26.9,27.9,28.7,27.1,28,27.3,29.7,26.5,28.3,27.1,27.2,26.9,28.4,28.8,25.9,29.2,26.7,26.3,29.9,27.4,28.8,26.9,28.2,29.7,27.6,27.6,29.2,29.1,27,27.7,87,92,91,75,93,94,90,90,87,92,93,82,82,94,92,95,69,95,88,92,93,94,82,87,93,81,92,94,71,89,82,93,82,79,93,90,88,81,94,84,1,1.9,12.9,1.5,6.3,8.7,0.6,2.6,1.8,6.6,6.8,2,1.9,3.3,4.2,5.8,0.3,4.5,0.8,1.6,5.5,10.8,0.6,2.3,7.6,1.4,11.9,7.1,0.3,4.5,0,10.6,0.6,1,1,4.3,4.1,1,10.7,4.5,55.4,49.2,17.5,54.6,41.6,12.2,5.2,15.8,62.4,10.1,28.8,35.2,50.2,37.6,46.5,30.2,40,31,15.3,42.5,43.7,34.8,31.4,39,25.5,24.7,15.6,8,19.8,41.2,36.8,18.9,34.8,19,42.3,54.4,50.8,22.7,46.4,77.3,,,,,,,,,,,,,,,,,,,,,,,,,,,,,,,,,,,,,,,,,28.8,29.4,33.3,28.5,26.2,29.7,32.3,27.8,29.5,27.4,28.9,28.9,28,30.2,30.2,28.6,31.5,26,31.6,32.2,33.3,28.5,28.1,28.2,33.5,31.1,30.8,30.5,27.7,28.9,28.9,78,73,56,77,91,76,63,81,77,87,76,83,83,71,72,76,65,96,63,61,58,77,83,84,57,67,71,68,80,76,76,0.8,1,0.3,1.3,6.1,0.3,0.7,1,2.6,3.5,3.8,2.1,1,1,7.3,0.3,1.7,27.4,1.9,0.2,0.1,1.7,1.7,2.2,0.2,0.6,0.7,0,2,2.7,6.4,31.4,10.1,32.4,16.8,29.4,16.7,11.4,6,51.6,18.7,43.9,46.5,13.7,10.5,17.3,32.6,7,45.7,45.1,24.6,22,23.1,61.7,34.6,20.3,44.8,39.7,8.7,7.1,36.2,28.9,50.8,17.6,49,23.4,53.3,21.2,13.7,23.8,76.7,29.9,67.7,59.4,18,16.6,28.8,62.6,13.7,59,65.9,35.6,31.7,39.6,99,45.4,28.4,69.5,58.3,10.4,13.7,75.2,42.8,,,,,,,,,,,,,,,,,,,,,,,,,,,,,,,,,,,,,,,,,,,,,,,,,,,,,,,,,,,,,,,,,,,,,,,,,,,,,,,,,,,,,,,,,,,,,,,,,,,,,,,,,,,,,,,,,,,,,,,,,,,,,,,,,,,,,,,,,,,,,,,,,,,,,,,,,,,,,,,,,,,,,,,,,,,,,,,,,,,,,,,,,,,,,,,,,,,,,,,,,,,,,,,,,,,,,,,,,,,,,,,,,,,,,,,,,,,,,,,,,,,,,,,,,,,,,,,,22.2204,114.2127
2025-07-20T13:00,28.2,27.7,26.6,29.1,27.4,26.1,27.5,27.1,28.4,27.2,27.1,27.9,29.2,27.2,28.1,27.2,29.5,27,28.7,27,27.5,27.7,26.7,28.4,26.1,29.2,26.8,26.7,27.7,27,28.9,27.4,27.5,28.4,27.7,27.6,29.4,28.8,27.2,28,87,93,92,79,94,93,89,91,88,93,92,83,79,93,91,95,72,92,88,92,93,92,93,89,95,81,93,93,82,91,82,91,88,88,90,91,87,83,94,86,0.8,7.4,9.1,1.4,11.2,5.6,0.4,1.9,2.4,7.6,2.5,2.8,0.2,2,3.1,6.6,2.8,1.7,1.9,3.3,6.5,0.8,10.1,2.3,8.8,2.1,4.9,1.8,1.5,6.1,0,3.4,1.9,5.5,0.3,5.6,2.1,1.7,11.3,1.7,59.1,52.9,15.6,55.9,39.5,11.6,4,16.5,61.8,11,29.6,36.8,49.8,40.6,47.9,29.9,42.6,31,16.3,36,41.1,29.5,36.7,36.8,21.1,27.3,16.6,14.1,17.7,43.3,35.5,15.1,39.2,14.4,42.6,48.7,46.2,27.5,46.8,73.6,,,,,,,,,,,,,,,,,,,,,,,,,,,,,,,,,,,,,,,,,28.7,29.4,32.8,27.8,26.4,30,31.5,28,30,27.1,29,29.2,29.6,28.9,28.6,28.9,29.9,25.9,30.9,32,33.6,28.5,29,28.6,33,29.9,31.4,30.9,27.5,28.5,28,81,73,59,82,92,74,66,82,75,89,75,79,75,78,81,74,72,98,66,63,58,77,78,81,58,73,68,66,81,81,83,0.8,1,0.3,1.3,6.1,0.3,0.7,1,2.6,3.5,3.8,2.1,1,1,7.3,0.3,1.7,27.4,1.9,0.2,0.1,1.7,1.7,2.2,0.2,0.6,0.7,0,2,2.7,6.4,25.6,4.5,32.1,14.8,16.6,16.8,16.1,6.9,48,12.4,60.6,40.8,19.2,4.3,20.7,33.6,4.2,36.9,53.3,21.9,21.1,20.7,61,33,21.3,45.7,39.4,10.5,1.5,35.6,28.7,42.5,12.6,51.8,21.6,43.9,22.7,19.1,21.2,72,20.9,91.4,54,24.8,10.4,32.4,65.5,9,46.8,82.8,32.8,32.8,36,91.8,43.9,29.2,73.4,58,11.9,9,70.9,42.5,,,,,,,,,,,,,,,,,,,,,,,,,,,,,,,,,,,,,,,,,,,,,,,,,,,,,,,,,,,,,,,,,,,,,,,,,,,,,,,,,,,,,,,,,,,,,,,,,,,,,,,,,,,,,,,,,,,,,,,,,,,,,,,,,,,,,,,,,,,,,,,,,,,,,,,,,,,,,,,,,,,,,,,,,,,,,,,,,,,,,,,,,,,,,,,,,,,,,,,,,,,,,,,,,,,,,,,,,,,,,,,,,,,,,,,,,,,,,,,,,,,,,,,,,,,,,,,,22.2204,114.2127
2025-07-20T14:00,28.2,27.5,26.4,29,27.8,26.1,27.8,27,28.6,27.1,27.2,28.3,29.2,27.2,27.7,27.8,29.5,28,28.8,27.3,27.6,28.7,26.4,27.8,26.4,28.3,26.8,27,26.2,26.7,29.1,27.8,26.8,27.7,28,27.5,29.2,27.5,27.2,28,87,93,93,82,91,93,87,93,87,93,92,83,79,95,93,89,72,86,88,91,92,88,93,93,94,86,94,91,92,92,83,87,94,91,87,92,88,92,93,87,0.8,10.1,7.9,1.4,3.3,5.5,0.2,3.4,1.7,6.3,1.2,1.2,0.1,7.4,3.5,4.3,2,0.3,3.5,2.5,5.7,0.1,11.7,2.9,11.2,2.2,2,1.4,5.2,6.2,0,0.9,3.3,7.9,0,6,3.6,7.7,6.9,0.6,59.7,60.9,17.3,56.8,36.2,10.9,2.6,16.6,59.6,10.2,27.9,37.7,50.1,39.7,46.9,27.4,45.4,27.8,16.5,34.1,38.2,26.3,42.3,31.7,23.6,29.2,27.6,20,14.3,41.5,33.1,20,36.6,14.8,39.3,43.2,40.1,30.4,50.2,64.2,,,,,,,,,,,,,,,,,,,,,,,,,,,,,,,,,,,,,,,,,28.7,29.4,32.2,27.2,26.6,30.3,31,28.3,30.3,27.1,28.9,29.5,30.7,28,27.3,29.1,28.4,25.9,30,31.7,33.3,28.3,29.5,29,32.7,29,31.8,31,27.5,28.2,27.3,83,73,63,85,91,73,69,81,73,90,76,76,70,82,88,73,79,98,70,65,59,78,74,78,60,78,67,66,81,85,88,0.8,1,0.3,1.3,6.1,0.3,0.7,1,2.6,3.5,3.8,2.1,1,1,7.3,0.3,1.7,27.4,1.9,0.2,0.1,1.7,1.7,2.2,0.2,0.6,0.7,0,2,2.7,6.4,24.4,4.6,32.7,13.5,23.1,17.7,19,15.3,45.5,8.4,68,38.4,23.4,3.9,24.1,34.7,5.7,26.3,58.5,19.2,20.7,17.3,59.4,31.3,22.3,45.7,38.9,12.1,5.8,47.9,27.4,37.4,9.4,55.1,19.4,37.1,24.5,22,22,68,15.5,109.1,49.7,30.6,6.1,37.1,67.3,7.9,39.6,94.3,29.5,34.6,31.7,83.2,42.1,30.2,75.6,56.9,15.1,7.6,67,41.4,,,,,,,,,,,,,,,,,,,,,,,,,,,,,,,,,,,,,,,,,,,,,,,,,,,,,,,,,,,,,,,,,,,,,,,,,,,,,,,,,,,,,,,,,,,,,,,,,,,,,,,,,,,,,,,,,,,,,,,,,,,,,,,,,,,,,,,,,,,,,,,,,,,,,,,,,,,,,,,,,,,,,,,,,,,,,,,,,,,,,,,,,,,,,,,,,,,,,,,,,,,,,,,,,,,,,,,,,,,,,,,,,,,,,,,,,,,,,,,,,,,,,,,,,,,,,,,,22.2204,114.2127
2025-07-20T15:00,28.4,27.2,26.3,28.3,28.7,26,27.9,27,28.5,27.3,27.2,27.9,28.6,27.3,27.8,28.2,29.2,28.8,28.7,27.3,27.8,28.1,26.4,27.7,26.5,28.9,26.9,26.8,26.1,26.6,28.9,28.1,26.2,27.1,28.6,27.5,29.3,26.8,27.2,28,86,94,92,87,85,94,86,92,88,91,93,89,82,95,93,86,74,83,88,93,92,91,93,93,94,82,92,91,92,95,84,85,97,93,84,91,88,93,93,90,0.3,16.1,9.3,1.5,0.7,6.5,0,4,1,3,2.7,1.5,0.2,8,4.5,2.1,1.1,0.5,3.7,2,5,0,11.6,1.7,7.3,1.1,1.1,1.3,6.1,14.1,0.1,0,14.9,10.7,0,4.8,2.9,11.8,6.3,0.5,60.3,63.6,21.4,59.4,33.7,10.4,4.3,15.1,56.2,10.1,26.3,35.5,49.3,39.2,44.8,25.8,46,25.4,13.4,31.8,34,39.3,48.9,27.4,24.9,32.4,32.3,22.2,16,36.6,29.7,27,30.8,18.9,38.2,39.2,37.6,32.9,50.5,44.8,,,,,,,,,,,,,,,,,,,,,,,,,,,,,,,,,,,,,,,,,28.9,29.2,31.5,27.1,27.3,30.6,30.9,29.1,30.5,27.8,28.7,29.5,30.8,27.8,26.8,29.2,27.5,26,29,31.5,32.3,27.9,29.2,29.6,32.5,29,31.8,30.9,28.3,28.4,27.2,83,74,66,86,87,72,69,78,72,87,80,76,70,83,92,74,86,97,77,67,64,82,75,75,61,78,68,67,79,85,89,1.6,0.4,0.4,0.6,0.8,2.2,0.2,0.1,1.1,0.1,14.8,1.9,1.4,0.6,12.2,0.5,17.2,11.6,17,1.4,3.6,2.2,1.4,0.6,0.8,0.6,1,0,0,1.5,7.2,27,7.7,33.5,13,27.1,20.1,17.9,19.9,45.5,8.6,65,38.2,25.6,5.4,27.2,36.2,11.8,20.2,61.6,16.8,22.1,10.9,52.6,29.5,23.4,45.6,37.8,14.8,10.2,50.6,22.9,39.2,10.4,59,18.4,36,27.4,21.2,27.7,65.9,16.9,115.6,47.5,33.8,5.4,44.6,67,14.8,44.6,95.4,25.6,38.2,25.6,72,39.6,32.4,74.5,54.4,21.2,11.5,64.8,39.2,,,,,,,,,,,,,,,,,,,,,,,,,,,,,,,,,,,,,,,,,,,,,,,,,,,,,,,,,,,,,,,,,,,,,,,,,,,,,,,,,,,,,,,,,,,,,,,,,,,,,,,,,,,,,,,,,,,,,,,,,,,,,,,,,,,,,,,,,,,,,,,,,,,,,,,,,,,,,,,,,,,,,,,,,,,,,,,,,,,,,,,,,,,,,,,,,,,,,,,,,,,,,,,,,,,,,,,,,,,,,,,,,,,,,,,,,,,,,,,,,,,,,,,,,,,,,,,,22.2204,114.2127
2025-07-20T16:00,28.4,27.1,26,27.8,28.7,26,27.9,27.2,28.4,27.7,27.3,27.6,28.1,27.3,28,28.4,27.6,28.8,28.4,27.6,27.7,27.9,26.1,27.6,26.6,29,26.9,27.1,26.2,26.4,28.8,28,26.3,26.8,28.6,27.7,29.2,28,27.3,28.3,86,95,93,91,86,94,86,93,88,89,93,91,84,94,90,84,85,85,88,90,93,91,94,94,93,80,89,89,91,95,84,85,96,94,87,91,88,82,91,89,0.4,24.4,10.4,8.7,3.1,7.4,0,3.2,1.2,0.9,4.1,0.9,0.5,8.1,3.7,0.8,2.6,1.1,3.4,1.3,4.1,0,20,2.4,7.3,0.3,0.3,1.4,5.1,19,0.1,0,17.2,6.3,0.4,2.2,5.2,0.5,3.3,0.3,56.9,61.1,29.4,56.2,34.4,9,5.6,15,53.5,10.6,24.6,35,48.8,36.7,43.2,22.7,46.4,23.8,8.5,29.7,29.6,43.5,52.7,24.2,24.4,32.1,29.5,19.9,16.3,32.6,25.5,26.1,25.2,24.6,36.3,35.6,34.8,29.8,48.5,20.3,,,,,,,,,,,,,,,,,,,,,,,,,,,,,,,,,,,,,,,,,29.1,28.9,30.6,27.2,28.1,30.9,30.9,30.1,30.5,28.6,28.4,29.5,30.4,28,26.5,29.2,26.9,26.3,27.9,31.1,30.7,27.2,28.7,30.2,32.2,29.2,31.5,30.5,29.4,28.7,27.5,82,77,69,86,81,71,68,73,72,82,84,78,73,81,95,76,92,95,86,69,70,87,79,72,61,77,69,70,75,83,87,1.6,0.4,0.4,0.6,0.8,2.2,0.2,0.1,1.1,0.1,14.8,1.9,1.4,0.6,12.2,0.5,17.2,11.6,17,1.4,3.6,2.2,1.4,0.6,0.8,0.6,1,0,0,1.5,7.2,31.9,10.8,33.6,12.8,27,23.4,14.6,25.2,45.7,14.4,72.7,35.9,26.3,5.9,34.7,38.4,19.8,31.5,63.2,14.2,24.3,2.9,42.2,27.6,24.4,45.8,36,20.5,14,48,20.7,43.9,13.7,63.4,16.9,37.4,30.2,18,36,64.4,22,115.9,46.4,35.6,6.5,52.6,65.9,25.2,54.7,90.7,21.2,42.5,18.4,59,37.1,34.9,71.3,51.1,28.8,18.4,63,36.4,,,,,,,,,,,,,,,,,,,,,,,,,,,,,,,,,,,,,,,,,,,,,,,,,,,,,,,,,,,,,,,,,,,,,,,,,,,,,,,,,,,,,,,,,,,,,,,,,,,,,,,,,,,,,,,,,,,,,,,,,,,,,,,,,,,,,,,,,,,,,,,,,,,,,,,,,,,,,,,,,,,,,,,,,,,,,,,,,,,,,,,,,,,,,,,,,,,,,,,,,,,,,,,,,,,,,,,,,,,,,,,,,,,,,,,,,,,,,,,,,,,,,,,,,,,,,,,,22.2204,114.2127
2025-07-20T17:00,28,27.4,25.5,28.2,28.4,26,27.8,27.4,28.4,27.8,27.3,27.5,27.8,27.3,28.2,28.6,27.5,28.9,28.1,27.4,27.6,27.7,26.1,27.6,27,29.1,27.3,27.2,26,26.3,28.6,28.2,26.4,27,27.9,27.8,29.2,28.2,27.5,27.9,88,93,94,89,88,94,86,94,88,88,91,91,85,94,89,84,86,88,91,92,91,89,94,92,94,79,88,91,92,94,86,86,97,90,94,91,88,80,91,90,1,20.5,7.8,10.5,3.2,6.5,0.1,5,1.5,0.4,3,0.6,0.2,4.7,2.4,0,5.1,2.2,3.6,1,3,0,21.6,2.2,8.5,0.3,0.4,2.3,3.5,14.2,0.1,0.1,19.9,2.6,1.8,1.9,1.1,0.8,1.6,0.1,51.5,59,32.4,61.9,31.7,8.4,7.4,16,51.9,11.3,20.2,39.2,46.8,32.8,39.3,21.7,48.5,21.7,9.1,29,26.2,43.2,53.7,19.5,22.5,28.9,24.2,18.7,17.7,23.4,21.7,28.7,31.2,29.9,33.9,31.5,29.1,26,47.7,37.1,,,,,,,,,,,,,,,,,,,,,,,,,,,,,,,,,,,,,,,,,29.2,28.7,30,27.4,28.8,30.9,30.9,30.7,30.5,29.2,28.2,29.4,30,28.3,26.4,29.2,26.6,26.6,27.2,30.9,29.3,26.9,28.3,30.5,31.9,29.4,31.1,30.1,30,28.9,27.8,81,78,72,86,77,71,68,71,73,78,87,79,76,80,96,78,95,93,92,71,77,90,82,71,62,76,71,73,73,82,85,1.6,0.4,0.4,0.6,0.8,2.2,0.2,0.1,1.1,0.1,14.8,1.9,1.4,0.6,12.2,0.5,17.2,11.6,17,1.4,3.6,2.2,1.4,0.6,0.8,0.6,1,0,0,1.5,7.2,35.9,13.3,35.2,11.3,27.6,26.1,12,31.1,45,19.1,83.8,34.5,26.5,6.5,40.1,40.6,24.2,42.9,58.8,11.8,25,4.9,34,26.7,24,45.9,34.2,25.7,17.1,44.9,23.5,47.2,16.9,67,15.1,38.9,32,15.5,43.6,62.3,26.6,112,46.1,36.7,8.6,56.9,64.4,32,60.5,86,17.6,44.6,15.5,49.7,36,36.7,67.3,48.6,34.9,24.5,60.1,34.2,,,,,,,,,,,,,,,,,,,,,,,,,,,,,,,,,,,,,,,,,,,,,,,,,,,,,,,,,,,,,,,,,,,,,,,,,,,,,,,,,,,,,,,,,,,,,,,,,,,,,,,,,,,,,,,,,,,,,,,,,,,,,,,,,,,,,,,,,,,,,,,,,,,,,,,,,,,,,,,,,,,,,,,,,,,,,,,,,,,,,,,,,,,,,,,,,,,,,,,,,,,,,,,,,,,,,,,,,,,,,,,,,,,,,,,,,,,,,,,,,,,,,,,,,,,,,,,,22.2204,114.2127
2025-07-20T18:00,28.1,27.3,25.6,28.1,28.3,26,27.6,27.3,28.5,27.6,27.3,27.3,27.6,27.3,27.7,28.3,27.5,28.7,27.7,27.5,27.4,27.7,26.1,27.7,27.3,28.9,27.1,27.4,26,26.5,28.7,28,26.8,27.2,27.6,27.9,29.1,27.8,27.7,27.2,87,93,93,90,89,94,87,94,86,89,90,90,85,91,93,86,88,91,92,90,91,89,94,92,95,81,91,89,93,93,86,91,97,88,95,92,89,83,90,92,0.8,6.1,3.3,4.4,2.5,5.2,0,7,1,0.3,0.7,0.4,0,1.4,3.8,0.3,4.2,2.9,5,1.3,1.1,0,21.2,1.1,11.8,0.4,0.7,2.9,7.7,5.6,0.1,0.6,22.2,2.4,4.3,1.6,1.9,1.7,1.7,0.4,46.1,46,27.7,65.4,28.3,7.6,7.9,17.1,51.2,13.1,21.5,43.2,48.5,29.5,33,20,49.5,17.6,7.6,25.8,24,41.7,46.7,17.6,22.1,27.9,20.5,17.4,15.9,13.3,18.8,34.2,41.1,31.4,33.2,29.4,25.6,23.7,47,61.1,,,,,,,,,,,,,,,,,,,,,,,,,,,,,,,,,,,,,,,,,29.2,28.7,29.6,27.6,29,30.5,30.6,30.5,30.1,29.3,28.4,29.2,29.6,28.6,26.4,29.2,27,27,27.2,30.5,28.4,27,28.2,30.1,31.4,29.4,30.6,29.8,30,28.9,28.2,81,78,74,85,77,73,69,73,75,78,85,79,78,78,96,79,93,90,93,72,83,90,83,73,64,76,73,76,74,81,83,0.9,0.6,0.2,0.2,1.9,0.5,0.1,0.1,1,0,2.4,1.6,2.5,0.7,7.6,1.1,1.3,2.1,9.7,2.1,31.1,0.3,0.9,0.9,0.7,1,0.4,2.4,0.4,1.5,0.7,35.9,14,38.4,7.9,27.6,25.4,10.9,35.3,42.2,20,79,34.5,26,8.4,37.3,42.6,21.8,42.1,45.7,8.7,23.9,11.8,31.1,28,21.7,43.6,33.1,27.5,18.9,41.3,25,46.4,18.7,69.5,11.5,38.9,31.7,13.7,49,58.7,29.9,103.7,46.1,37.1,12.2,54,63.7,32.4,56.9,82.4,16.6,41.4,19.8,46.4,37.4,37.1,61.9,47.5,38.5,28.1,54.7,34.2,,,,,,,,,,,,,,,,,,,,,,,,,,,,,,,,,,,,,,,,,,,,,,,,,,,,,,,,,,,,,,,,,,,,,,,,,,,,,,,,,,,,,,,,,,,,,,,,,,,,,,,,,,,,,,,,,,,,,,,,,,,,,,,,,,,,,,,,,,,,,,,,,,,,,,,,,,,,,,,,,,,,,,,,,,,,,,,,,,,,,,,,,,,,,,,,,,,,,,,,,,,,,,,,,,,,,,,,,,,,,,,,,,,,,,,,,,,,,,,,,,,,,,,,,,,,,,,,22.2204,114.2127
2025-07-20T19:00,28.2,27.4,26,28.1,28.3,26.1,27.3,27.2,28.4,27.3,27.5,27.3,27.4,27.5,27.7,28.2,27.3,28.6,27.1,27.6,27.5,27.9,26.2,28.3,27.4,28.2,26.9,27.9,26,26.4,28.9,28.1,26.4,26.8,27.5,27.9,29,27.5,27.5,27.4,88,93,93,90,89,93,89,94,85,91,89,88,86,90,93,87,91,92,93,90,91,86,93,90,95,84,94,86,94,93,87,91,97,92,96,92,90,84,92,91,0.6,3,1.7,7.2,2.6,3.3,0,9.2,1.7,0.7,0.6,0,0,1.2,2.5,0.1,2.7,5.2,1.9,0,1.3,0,21.3,0.4,13.7,1.7,2.5,0.7,3.5,1.4,0,3.6,20.4,4.5,4.4,2.8,1.9,1.3,2.9,3,40.8,40.1,22.5,65.2,24.7,5.6,8.7,18.6,50,13.5,19.5,42.3,50.3,26,28.4,17.7,48.1,15.3,4.3,25.3,23,38,41,20,21.5,27.7,18.4,15.8,14.5,19,16,39.2,45.2,33,29.6,28.3,24.5,20.3,47,66.5,,,,,,,,,,,,,,,,,,,,,,,,,,,,,,,,,,,,,,,,,29.1,28.7,29.3,27.9,28.9,30,30.2,29.9,29.6,29.1,28.6,29.1,29.4,29,26.5,29.1,27.8,27.5,27.6,30.2,27.6,27.3,28.2,29.5,30.8,29.2,30.1,29.2,29.5,28.9,28.7,81,77,75,82,78,76,71,76,77,80,81,79,81,77,94,79,87,86,92,73,89,88,82,77,66,77,75,79,77,81,81,0.9,0.6,0.2,0.2,1.9,0.5,0.1,0.1,1,0,2.4,1.6,2.5,0.7,7.6,1.1,1.3,2.1,9.7,2.1,31.1,0.3,0.9,0.9,0.7,1,0.4,2.4,0.4,1.5,0.7,33.3,14.1,42.6,3.9,26.9,23,10.3,38.5,38.2,19.7,66.7,34.6,25.5,10.9,30.1,44.1,17.9,34.9,44.7,5.6,21.2,18.1,30.7,30.3,20.8,39.7,32.1,27.2,20.1,35.7,24.6,44.3,20.9,70.9,7.2,38.9,30.2,12.2,53.6,54.4,33.1,91.4,46.4,36.4,17.3,47.2,63.4,29.2,49.3,78.8,16.2,36,28.1,46.1,40,36.4,55.8,47.2,40.3,30.6,47.9,35.3,,,,,,,,,,,,,,,,,,,,,,,,,,,,,,,,,,,,,,,,,,,,,,,,,,,,,,,,,,,,,,,,,,,,,,,,,,,,,,,,,,,,,,,,,,,,,,,,,,,,,,,,,,,,,,,,,,,,,,,,,,,,,,,,,,,,,,,,,,,,,,,,,,,,,,,,,,,,,,,,,,,,,,,,,,,,,,,,,,,,,,,,,,,,,,,,,,,,,,,,,,,,,,,,,,,,,,,,,,,,,,,,,,,,,,,,,,,,,,,,,,,,,,,,,,,,,,,,22.2204,114.2127
2025-07-20T20:00,28,27.5,26.4,28.2,28,26.1,27.1,27.5,28.7,27.4,27.8,27.3,27.6,27.6,27.4,28,27.5,28.5,26.8,27.6,27.4,27.7,27.1,28.4,27.5,27.2,26.9,28.2,25.8,26.3,28.7,27.9,26.3,26.7,27.4,28.2,29,27.1,27.5,28.1,89,93,92,90,89,93,91,92,84,91,87,88,87,91,94,88,91,92,94,90,93,89,88,89,94,89,93,85,96,94,89,93,96,94,95,90,90,87,92,88,0.4,3,1.6,7.2,5,2.3,0.2,6.6,0.3,1.2,0,0.2,0.5,1.8,3.4,0.1,3.3,6.8,0.9,0.6,2.2,0.2,7.7,1.5,10.3,6.4,3.9,0.2,6.1,1.6,0.2,4.3,8.1,5.3,3.6,1.2,0.4,3.3,3.2,1.3,40.9,34.5,19.1,66,24.5,5.6,9.9,20,50.8,11.7,18.7,40.6,52.4,23,24.4,15.3,46.1,11.8,4,22.9,23.2,34.2,33.9,22.1,19.6,31.8,16.3,15.2,12.6,30.7,14.7,39.8,40.7,33.5,25.9,28.3,24.9,20.9,46,57.6,,,,,,,,,,,,,,,,,,,,,,,,,,,,,,,,,,,,,,,,,29,28.7,29.1,28,28.7,29.6,29.9,29.3,29.2,28.9,28.8,29,29.1,29.2,26.6,29,28.4,27.8,28,30,27.2,27.6,28.3,29,30,29,29.8,28.6,29.1,28.8,29,81,77,76,81,80,78,73,79,79,81,79,79,82,76,92,79,83,84,90,74,93,86,82,80,70,78,77,83,79,81,80,0.9,0.6,0.2,0.2,1.9,0.5,0.1,0.1,1,0,2.4,1.6,2.5,0.7,7.6,1.1,1.3,2.1,9.7,2.1,31.1,0.3,0.9,0.9,0.7,1,0.4,2.4,0.4,1.5,0.7,30.4,15.6,46.4,0.8,27.2,21,10.1,40,34.2,20.5,58.4,33.9,25,13.3,24.8,44.7,16.9,29.9,56.5,3.7,13.6,22.6,30.5,31.4,23,35.9,31.1,25.9,21.3,31.5,24.3,42.5,23.8,72.7,4,38.9,28.8,11.5,55.8,50.4,35.3,78.8,45.7,36,20.9,40.3,62.6,25.6,43.2,76.7,15.5,34.6,34.6,46.1,41.8,36.7,50.8,46.8,40,32.8,43.2,35.3,,,,,,,,,,,,,,,,,,,,,,,,,,,,,,,,,,,,,,,,,,,,,,,,,,,,,,,,,,,,,,,,,,,,,,,,,,,,,,,,,,,,,,,,,,,,,,,,,,,,,,,,,,,,,,,,,,,,,,,,,,,,,,,,,,,,,,,,,,,,,,,,,,,,,,,,,,,,,,,,,,,,,,,,,,,,,,,,,,,,,,,,,,,,,,,,,,,,,,,,,,,,,,,,,,,,,,,,,,,,,,,,,,,,,,,,,,,,,,,,,,,,,,,,,,,,,,,,22.2204,114.2127
2025-07-20T21:00,27.9,27.6,26.6,28.3,27.9,26.2,27,27.5,28.6,27.4,28,27.3,27.7,27.6,27.5,27.8,27.6,28.3,26.8,27.7,27.5,27.7,27,28.5,27.7,26.8,27.1,28.4,25.9,26.4,28.7,27.9,26.4,26.7,27.5,28.2,29,27,27.5,28.1,89,93,92,89,88,94,92,91,85,91,86,88,87,91,93,89,92,94,94,89,92,90,90,89,93,92,93,84,97,94,89,93,95,95,94,91,90,89,92,89,0.5,1.5,1.9,1.7,0.7,1.6,0.4,1.5,1,1.3,0,0.4,1,3.1,2.4,0.5,3.9,8.2,0.1,0.5,1.8,1.2,7.2,1.5,4.8,18.8,3.2,0,20.5,0.4,0.4,3.2,1.9,11.3,1.3,2.4,2.1,5.7,1.4,1.6,37.6,30.6,18.2,62.7,23.8,6.1,10.2,19.6,49.4,11.2,18.4,36.1,52.2,21.5,22.5,13,37.7,8.7,4.7,21.8,21.5,32,21.9,21.7,17.2,33.3,16.3,14.1,14.4,34.7,13.5,39.4,39.2,35.3,23.6,27.3,23.9,22.5,44.5,52.7,,,,,,,,,,,,,,,,,,,,,,,,,,,,,,,,,,,,,,,,,29,28.6,29,28,28.5,29.4,29.7,29.1,29.1,28.9,28.8,29,29.1,29.1,27,29.1,28.6,28.1,28,30,27.3,27.8,28.5,28.9,28.8,29,29.6,27.8,29,28.8,29,81,78,77,81,81,79,75,80,80,82,80,80,82,77,90,79,82,84,89,74,94,85,81,81,79,79,77,88,80,81,80,1,1.1,0.4,0.2,1.1,0.2,0.1,0.5,1.6,0.1,1.3,0.7,0.5,0.4,0.6,1.4,0.9,2.5,11.9,1.2,9.3,0.1,0.8,0.5,21.3,1.8,0.3,17.5,0.7,1.4,0.4,29.5,19.9,49.1,1,28,18.9,10.5,39.7,30.7,21.2,50.3,30.8,25,14.5,21.7,43.9,14.2,28.2,60.6,2.9,6.8,24.8,29.7,29.9,26,33.7,29.8,23.1,22.5,30.3,21.7,42.5,29.2,74.9,2.5,39.6,27.7,11.9,55.1,46.8,36.4,65.5,42.5,36.4,22,34.9,61.9,20.5,40.7,77.8,12.6,43.2,37.8,44.6,41.4,38.2,47.5,46.4,35.6,34.6,42.5,33.1,,,,,,,,,,,,,,,,,,,,,,,,,,,,,,,,,,,,,,,,,,,,,,,,,,,,,,,,,,,,,,,,,,,,,,,,,,,,,,,,,,,,,,,,,,,,,,,,,,,,,,,,,,,,,,,,,,,,,,,,,,,,,,,,,,,,,,,,,,,,,,,,,,,,,,,,,,,,,,,,,,,,,,,,,,,,,,,,,,,,,,,,,,,,,,,,,,,,,,,,,,,,,,,,,,,,,,,,,,,,,,,,,,,,,,,,,,,,,,,,,,,,,,,,,,,,,,,,22.2204,114.2127
2025-07-20T22:00,27.9,27.9,26.8,28.6,27.7,26.5,27.1,27.6,28.5,27.5,28.1,27.2,28,27.7,27.8,27.6,27.8,28,26.9,27.8,27.7,27.6,26.7,28.7,27.9,26.5,27.4,28.6,25.9,26.5,28.7,27.8,26.5,26.7,27.7,28.2,29,26.9,27.6,28.1,90,92,91,88,87,95,92,90,87,91,86,89,87,92,92,89,93,95,93,88,91,92,94,89,92,94,93,84,97,95,89,93,94,95,92,92,90,91,92,90,0.5,1.5,1.9,1.7,0.7,1.6,0.4,1.5,1,1.3,0,0.4,1,3.1,2.4,0.5,3.9,8.2,0.1,0.5,1.8,1.2,7.2,1.5,4.8,18.8,3.2,0,20.5,0.4,0.4,3.2,1.9,11.3,1.3,2.4,2.1,5.7,1.4,1.6,34.1,28.6,17.3,57.9,23.8,6.9,10.1,19.3,48.1,10.6,18.3,29.5,52,20.5,21.9,10.6,35.5,6.9,5.5,21.2,19.9,29.7,26.5,21.3,14.2,35.4,16.5,12.6,18.5,34.9,13,37.5,33.6,37.1,21.5,26.1,22.9,26.1,42.1,44.6,,,,,,,,,,,,,,,,,,,,,,,,,,,,,,,,,,,,,,,,,28.9,28.5,29.1,28,28.3,29.3,29.5,29,29.1,28.8,28.7,29,29.2,28.8,27.4,29.2,28.5,28.3,28,30,27.7,28,28.6,28.9,27.4,29,29.6,26.9,29.1,28.8,28.9,82,79,77,81,83,80,77,81,80,82,81,81,81,79,88,80,82,84,89,75,92,83,81,80,89,80,76,93,80,81,81,1,1.1,0.4,0.2,1.1,0.2,0.1,0.5,1.6,0.1,1.3,0.7,0.5,0.4,0.6,1.4,0.9,2.5,11.9,1.2,9.3,0.1,0.8,0.5,21.3,1.8,0.3,17.5,0.7,1.4,0.4,29.8,24.8,51.3,1.1,28.2,17.1,11.4,37.7,27.4,21.4,38.4,27.3,25,15,18.4,42.3,9.7,26.9,59.5,3.3,32.1,27.2,29.6,27.3,28.5,31.7,28.7,19,23.8,30.8,17.8,43.2,36,77,2.2,40.3,27,12.6,52.2,43.6,36.4,51.8,38.5,36.4,22.3,29.9,61.2,15.1,40,80.6,9,56.2,39.6,42.8,39.6,40.7,45,46.1,29.2,36.4,43.9,30.6,,,,,,,,,,,,,,,,,,,,,,,,,,,,,,,,,,,,,,,,,,,,,,,,,,,,,,,,,,,,,,,,,,,,,,,,,,,,,,,,,,,,,,,,,,,,,,,,,,,,,,,,,,,,,,,,,,,,,,,,,,,,,,,,,,,,,,,,,,,,,,,,,,,,,,,,,,,,,,,,,,,,,,,,,,,,,,,,,,,,,,,,,,,,,,,,,,,,,,,,,,,,,,,,,,,,,,,,,,,,,,,,,,,,,,,,,,,,,,,,,,,,,,,,,,,,,,,,22.2204,114.2127
2025-07-20T23:00,27.9,28.1,26.9,28.7,27.6,26.7,27.1,27.6,28.5,27.6,28.1,27.2,28.1,27.7,27.9,27.5,27.9,27.9,27,27.9,27.9,27.6,26.6,28.7,28,26.3,27.6,28.7,26,26.6,28.6,27.9,26.7,26.7,27.9,28.2,29,27,27.6,28,90,91,91,88,86,95,92,89,88,91,86,90,87,92,91,90,93,96,92,88,90,93,96,89,91,95,92,84,97,95,89,92,92,95,91,92,90,92,92,91,0.5,1.5,1.9,1.7,0.7,1.6,0.4,1.5,1,1.3,0,0.4,1,3.1,2.4,0.5,3.9,8.2,0.1,0.5,1.8,1.2,7.2,1.5,4.8,18.8,3.2,0,20.5,0.4,0.4,3.2,1.9,11.3,1.3,2.4,2.1,5.7,1.4,1.6,31.1,27.1,16.4,52.5,23.5,7.4,10.2,20.1,46.6,10.7,17.9,24.4,53,19.7,21.4,8.9,42.2,6.7,6.2,20.4,18.4,27.6,38.6,21,11.8,36.7,16.2,11.8,23.1,33.9,12.7,35.7,28.1,37.8,20,25.7,22.6,29.4,40,39.9,,,,,,,,,,,,,,,,,,,,,,,,,,,,,,,,,,,,,,,,,28.9,28.4,29,28,28.1,29.2,29.4,29,29,28.8,28.6,28.9,29.2,28.5,27.7,29.2,28.5,28.4,28,29.9,28,28.1,28.7,29,26.3,28.9,29.6,26.2,29,28.8,28.7,82,80,78,82,84,80,78,81,80,82,83,82,81,81,86,80,83,85,88,75,90,82,80,80,97,81,76,96,80,81,82,1,1.1,0.4,0.2,1.1,0.2,0.1,0.5,1.6,0.1,1.3,0.7,0.5,0.4,0.6,1.4,0.9,2.5,11.9,1.2,9.3,0.1,0.8,0.5,21.3,1.8,0.3,17.5,0.7,1.4,0.4,29.1,28.2,53.3,1.1,28.8,16.2,11.9,35.9,23.9,22.2,28.2,24.6,23.8,15.7,16,41.3,7,26.2,58.5,3.4,47.4,29.1,29.6,25,28.4,29.8,27.6,15.5,23.9,30.2,15.6,43.2,40.7,78.5,2.9,40.7,26.3,13.3,49,40.3,36.4,40.3,36.4,35.3,23.4,26.3,59.4,13,39.2,81,7.6,61.9,40,41.8,38.2,42.8,42.8,45,23.4,36.7,43.9,29.2,,,,,,,,,,,,,,,,,,,,,,,,,,,,,,,,,,,,,,,,,,,,,,,,,,,,,,,,,,,,,,,,,,,,,,,,,,,,,,,,,,,,,,,,,,,,,,,,,,,,,,,,,,,,,,,,,,,,,,,,,,,,,,,,,,,,,,,,,,,,,,,,,,,,,,,,,,,,,,,,,,,,,,,,,,,,,,,,,,,,,,,,,,,,,,,,,,,,,,,,,,,,,,,,,,,,,,,,,,,,,,,,,,,,,,,,,,,,,,,,,,,,,,,,,,,,,,,,22.2204,114.2127
2025-07-21T00:00,28,28.2,26.9,28.6,27.6,26.9,27.1,27.5,28.7,27.6,27.9,27.1,27.9,27.7,27.8,27.4,27.7,27.8,27.1,28,27.9,27.6,26.9,28.7,28,26.3,27.5,28.6,26.1,26.6,28.5,28,26.9,26.7,28.1,28.3,28.9,27.1,27.6,28,90,90,91,88,87,94,92,89,88,91,87,91,87,92,92,91,93,96,92,88,90,93,94,89,91,95,92,85,97,96,89,92,90,95,90,91,90,93,92,91,3.3,0,1.8,2,0.1,1.8,0.4,1.5,1.1,2.1,0.2,0.5,1.1,2.8,1.3,1.5,2,2.1,0.2,0.5,2,1.2,6.6,1.7,7.1,11,1.2,0.3,21.6,2.1,0.6,2.9,0.3,11.1,0.8,5.5,4.2,3.8,1.3,1.5,27.9,25.8,15.2,45.1,22,7.4,10.4,19.5,44.2,11.2,17.1,22.6,55.3,18.6,20.7,7.3,45.6,6.5,6.2,18.7,17.1,25.7,41.3,20.8,10.5,36.9,15.4,11.4,27.1,32.2,13.1,33.7,24.4,37.7,18.6,26.9,23.7,31.4,38,36.8,,,,,,,,,,,,,,,,,,,,,,,,,,,,,,,,,,,,,,,,,28.9,28.4,28.6,28,28,29,29.2,28.9,29,28.8,28.5,28.9,29.1,28.5,27.9,29.1,28.5,28.5,28,29.8,28.2,28.3,28.7,28.9,26,28.8,29.5,26,28.9,28.8,28.7,82,80,80,82,85,80,79,82,81,82,84,81,81,82,86,80,83,85,87,76,88,81,80,80,99,82,76,96,80,81,82,2.8,0.5,3.6,0.3,1.8,0.4,0.3,0.7,1.6,0.3,1,0.7,0.6,0.7,0.1,0.9,0.8,0.9,3.9,4.5,1.2,0.3,0.9,1,53.7,1.1,0.2,10.5,0.4,1.9,0.9,25,28.6,54.4,2.3,28,16.3,11.3,33.3,19.1,22.7,20.8,25.5,20.7,17.2,14.8,39.6,8.1,26.3,56,3.7,42.4,27.7,29.5,23.9,26.4,27.7,25.9,12.8,22.5,27.2,16.8,41,41.8,78.8,4.7,40.3,25.9,13.3,45.7,36.4,36.7,32,37.8,31.7,27.7,25.2,56.2,16.9,39.2,76.3,9.4,53.3,38.9,41,36.7,44.6,40.3,42.5,19.1,35.6,41,30.6,,,,,,,,,,,,,,,,,,,,,,,,,,,,,,,,,,,,,,,,,,,,,,,,,,,,,,,,,,,,,,,,,,,,,,,,,,,,,,,,,,,,,,,,,,,,,,,,,,,,,,,,,,,,,,,,,,,,,,,,,,,,,,,,,,,,,,,,,,,,,,,,,,,,,,,,,,,,,,,,,,,,,,,,,,,,,,,,,,,,,,,,,,,,,,,,,,,,,,,,,,,,,,,,,,,,,,,,,,,,,,,,,,,,,,,,,,,,,,,,,,,,,,,,,,,,,,,,22.2204,114.2127
2025-07-21T01:00,28.1,28.3,26.9,28.5,27.6,27,27.1,27.4,28.9,27.6,27.5,27,27.6,27.7,27.6,27.4,27.4,27.9,27.1,28.1,27.8,27.6,27.4,28.6,27.9,26.4,27.4,28.5,26.2,26.6,28.4,28.2,27.3,26.7,28.1,28.5,28.9,27.2,27.6,28.1,89,89,91,89,88,93,92,89,88,91,88,92,88,93,93,92,94,95,91,89,90,93,91,89,93,95,91,87,96,97,90,92,88,94,90,90,89,93,93,90,3.3,0,1.8,2,0.1,1.8,0.4,1.5,1.1,2.1,0.2,0.5,1.1,2.8,1.3,1.5,2,2.1,0.2,0.5,2,1.2,6.6,1.7,7.1,11,1.2,0.3,21.6,2.1,0.6,2.9,0.3,11.1,0.8,5.5,4.2,3.8,1.3,1.5,24.9,25,13.8,36.2,19.8,7.4,10.7,17.7,41,12,16.1,22.1,58.3,18,19.6,6.4,45.7,6.3,6.1,16.6,16.3,23.4,38.9,20.9,9.7,36.4,14,10.8,31,29.3,13.8,31.5,21.2,37.5,18.1,29.1,25.5,33.7,35.9,33.4,,,,,,,,,,,,,,,,,,,,,,,,,,,,,,,,,,,,,,,,,28.9,28.4,28.2,28.1,27.9,29,29,28.8,28.9,28.8,28.5,28.8,29,28.4,28,29,28.4,28.5,28.1,29.6,28.4,28.4,28.6,28.8,26.1,28.6,29.3,26,28.6,28.7,28.8,81,79,83,83,85,80,80,82,81,81,85,80,82,83,86,81,84,84,86,77,86,80,81,79,99,82,77,95,81,82,83,2.8,0.5,3.6,0.3,1.8,0.4,0.3,0.7,1.6,0.3,1,0.7,0.6,0.7,0.1,0.9,0.8,0.9,3.9,4.5,1.2,0.3,0.9,1,53.7,1.1,0.2,10.5,0.4,1.9,0.9,20.6,27.7,54.8,4.7,27.2,16.7,10.5,30.7,16.4,23.5,15.4,28.9,16.3,19.1,14.5,36.9,11.4,26.6,50.4,4.6,27.6,24.2,29.3,23.4,27.7,25.2,24,10,20.5,23.7,19.9,38.2,40.7,78.1,7.2,39.6,25.9,13,42.5,32.4,37.1,25.6,41.4,27,32.8,25.6,52.2,24.5,39.6,69.5,13.3,37.8,36.7,41,34.9,46.4,38.2,39.2,15.5,33.1,36.4,33.5,,,,,,,,,,,,,,,,,,,,,,,,,,,,,,,,,,,,,,,,,,,,,,,,,,,,,,,,,,,,,,,,,,,,,,,,,,,,,,,,,,,,,,,,,,,,,,,,,,,,,,,,,,,,,,,,,,,,,,,,,,,,,,,,,,,,,,,,,,,,,,,,,,,,,,,,,,,,,,,,,,,,,,,,,,,,,,,,,,,,,,,,,,,,,,,,,,,,,,,,,,,,,,,,,,,,,,,,,,,,,,,,,,,,,,,,,,,,,,,,,,,,,,,,,,,,,,,,22.2204,114.2127
2025-07-21T02:00,28.2,28.4,26.9,28.3,27.6,27.2,27.1,27.3,29,27.6,27.3,27,27.4,27.7,27.5,27.3,27.2,27.9,27.2,28.1,27.7,27.5,27.7,28.6,27.9,26.5,27.2,28.4,26.3,26.6,28.4,28.3,27.5,26.8,28.2,28.7,28.9,27.3,27.6,28.1,89,88,91,90,89,92,92,89,88,91,89,93,88,93,94,93,94,94,91,89,90,93,89,89,93,95,91,88,95,97,90,91,87,94,90,89,89,93,93,90,3.3,0,1.8,2,0.1,1.8,0.4,1.5,1.1,2.1,0.2,0.5,1.1,2.8,1.3,1.5,2,2.1,0.2,0.5,2,1.2,6.6,1.7,7.1,11,1.2,0.3,21.6,2.1,0.6,2.9,0.3,11.1,0.8,5.5,4.2,3.8,1.3,1.5,22.9,23.9,12.5,29,17.6,7.4,11.1,16,38.5,12.3,15.2,22.2,60.5,17.6,19.2,5.6,45.3,6.1,6.1,15.3,15.5,22.3,35.8,20.4,9.8,35.9,12.9,10.8,32.5,27.3,14.8,28.9,19,36.6,17.3,30.8,26.6,35.4,34,30.6,,,,,,,,,,,,,,,,,,,,,,,,,,,,,,,,,,,,,,,,,28.9,28.4,28,28.1,27.9,28.9,28.9,28.7,28.8,28.8,28.4,28.7,28.9,28.2,28,28.8,28.4,28.4,28.1,29.5,28.4,28.5,28.5,28.8,26.4,28.5,29.1,26,28.5,28.6,28.8,81,79,85,83,85,80,80,82,82,81,85,78,82,84,86,81,84,84,86,78,84,79,81,79,98,82,78,94,81,82,83,2.8,0.5,3.6,0.3,1.8,0.4,0.3,0.7,1.6,0.3,1,0.7,0.6,0.7,0.1,0.9,0.8,0.9,3.9,4.5,1.2,0.3,0.9,1,53.7,1.1,0.2,10.5,0.4,1.9,0.9,19.5,27,53.9,7.2,26.9,16.9,9.8,28.1,17.8,23.4,12,31.8,12.9,20.1,14.3,35.1,15,25.7,46.1,6.4,17.5,21,28.8,22.5,32.5,23.4,22.1,7.2,19,20.5,23.3,35.6,39.6,75.6,11.2,39.6,25.9,12.6,40,30.6,36.4,22,43.6,22.7,36,25.9,49.3,31.7,38.9,63.4,16.6,26.6,34.6,41.4,33.8,48.2,36.4,36,13,31.7,32.8,36.4,,,,,,,,,,,,,,,,,,,,,,,,,,,,,,,,,,,,,,,,,,,,,,,,,,,,,,,,,,,,,,,,,,,,,,,,,,,,,,,,,,,,,,,,,,,,,,,,,,,,,,,,,,,,,,,,,,,,,,,,,,,,,,,,,,,,,,,,,,,,,,,,,,,,,,,,,,,,,,,,,,,,,,,,,,,,,,,,,,,,,,,,,,,,,,,,,,,,,,,,,,,,,,,,,,,,,,,,,,,,,,,,,,,,,,,,,,,,,,,,,,,,,,,,,,,,,,,,22.2204,114.2127
2025-07-21T03:00,28.2,28.4,27,28.3,27.7,27.3,27.1,27.2,28.9,27.7,27.3,27,27.5,27.7,27.6,27.3,27.1,27.9,27.1,28,27.7,27.5,27.6,28.7,27.9,26.6,27.1,28.4,26.4,26.6,28.4,28.3,27.5,26.8,28.1,28.7,28.9,27.2,27.6,28.2,89,88,91,90,89,91,92,89,89,91,90,93,88,93,93,93,94,93,91,89,90,93,89,89,92,95,92,88,95,96,90,90,87,94,90,89,89,93,93,90,2.7,0.9,0.9,0.9,1.4,2,0.4,1,1.2,2.5,0.9,2.1,3.4,1.9,1.7,2.1,11.5,0.5,0.3,0.4,1.1,0.8,1.2,3.1,3.8,6.3,1.9,0.2,9.4,2,0.5,2.9,0.1,4.2,1.4,4.6,1,4,1.3,0.5,21.6,22,11.5,26.2,15.5,7.7,11.4,15,36.6,12.6,13.7,21.4,61.6,17.1,19.4,5.4,46.7,6.4,6.1,15.1,15,22,33,19.6,10.5,35.2,11.9,10.9,31.2,26.7,15.7,26.1,18.4,34.1,16.8,30.8,26,34.6,32.1,28.5,,,,,,,,,,,,,,,,,,,,,,,,,,,,,,,,,,,,,,,,,28.8,28.2,28.1,28.1,28,28.9,28.9,28.6,28.6,28.8,28.5,28.6,28.8,28.1,28,28.7,28.5,28.3,28,29.4,28.4,28.4,28.5,28.8,26.5,28.5,29,26.1,28.3,28.6,28.7,81,79,84,83,85,79,80,82,82,81,85,77,82,85,86,81,83,85,87,78,83,80,82,79,97,82,79,93,81,82,83,2.4,0.2,2.1,0.6,1.7,0.6,0.3,0.7,3,1.7,4.2,0.1,0.8,1.2,0.3,0.8,1.4,1.8,5.1,1.2,1.5,0.9,1.3,0.8,14.9,1.2,1.8,1.4,0.3,4.1,0.5,19.9,25.6,50.6,9.8,28.3,16.8,9.8,26.5,19.9,22,11.6,31.5,11.4,20.3,14.3,35.6,20.4,23.2,43.5,8.8,15.6,18.9,29,21.1,36.9,22.8,20.1,4,18.4,18,26.2,34.2,38.9,70.2,17.6,41,26.3,12.6,38.9,32.8,33.5,22,43.2,19.8,34.9,26.3,49.3,37.8,36.4,59.8,18.7,24.8,33.1,42.5,33.5,50.8,35.6,33.1,12.2,31.3,30.2,39.6,,,,,,,,,,,,,,,,,,,,,,,,,,,,,,,,,,,,,,,,,,,,,,,,,,,,,,,,,,,,,,,,,,,,,,,,,,,,,,,,,,,,,,,,,,,,,,,,,,,,,,,,,,,,,,,,,,,,,,,,,,,,,,,,,,,,,,,,,,,,,,,,,,,,,,,,,,,,,,,,,,,,,,,,,,,,,,,,,,,,,,,,,,,,,,,,,,,,,,,,,,,,,,,,,,,,,,,,,,,,,,,,,,,,,,,,,,,,,,,,,,,,,,,,,,,,,,,,22.2204,114.2127
2025-07-21T04:00,28.1,28.4,27,28.2,27.9,27.3,27.1,27.3,28.8,27.9,27.3,27.1,27.7,27.7,27.8,27.3,27.1,28,27,27.8,27.7,27.5,27.4,28.8,28,26.9,27.1,28.5,26.5,26.7,28.5,28.2,27.4,26.9,27.9,28.8,29.1,27.2,27.6,28.2,88,89,91,90,89,91,91,90,89,90,90,94,89,92,92,93,93,93,91,90,89,93,89,89,91,94,92,87,94,95,89,88,89,95,91,89,88,94,93,90,2.7,0.9,0.9,0.9,1.4,2,0.4,1,1.2,2.5,0.9,2.1,3.4,1.9,1.7,2.1,11.5,0.5,0.3,0.4,1.1,0.8,1.2,3.1,3.8,6.3,1.9,0.2,9.4,2,0.5,2.9,0.1,4.2,1.4,4.6,1,4,1.3,0.5,20.8,19.9,10.8,25.4,13.6,7.7,11.4,13.8,35,13.2,12.1,21.1,62.7,16.3,19.6,5.5,47.6,7.2,6.1,15,14.6,22.5,29.4,18.6,11.6,33.7,10.7,11.6,27.7,26.2,17.1,23.4,18.4,30.4,16.6,29.9,24.2,32,30.3,26.5,,,,,,,,,,,,,,,,,,,,,,,,,,,,,,,,,,,,,,,,,28.6,28.1,28.5,28.2,28.1,28.9,28.9,28.5,28.5,28.6,28.6,28.6,28.6,27.9,27.9,28.6,28.6,28.1,28,29.4,28.2,28.2,28.5,28.8,26.6,28.5,28.9,26.2,28.2,28.5,28.6,81,79,82,82,84,79,79,81,82,82,84,76,82,87,86,81,82,86,87,78,83,81,82,79,95,82,79,92,81,82,83,2.4,0.2,2.1,0.6,1.7,0.6,0.3,0.7,3,1.7,4.2,0.1,0.8,1.2,0.3,0.8,1.4,1.8,5.1,1.2,1.5,0.9,1.3,0.8,14.9,1.2,1.8,1.4,0.3,4.1,0.5,20.4,23.9,45.7,12.8,30.8,16.3,10.1,25.3,22.8,19.4,12.8,29.9,10.8,19.8,14.5,36.6,27.4,19.2,41.8,11.6,15.4,17.7,29.9,19.9,40,22.6,18.4,6.2,18.5,16.4,29.5,33.5,37.8,62.6,25.2,43.6,26.6,13,38.5,37.1,29.2,24.1,41.8,17.3,31.7,27,50.4,43.6,32.8,57.2,20.2,27.4,32,43.9,33.5,53.6,35.6,30.2,12.6,31.7,28.1,43.2,,,,,,,,,,,,,,,,,,,,,,,,,,,,,,,,,,,,,,,,,,,,,,,,,,,,,,,,,,,,,,,,,,,,,,,,,,,,,,,,,,,,,,,,,,,,,,,,,,,,,,,,,,,,,,,,,,,,,,,,,,,,,,,,,,,,,,,,,,,,,,,,,,,,,,,,,,,,,,,,,,,,,,,,,,,,,,,,,,,,,,,,,,,,,,,,,,,,,,,,,,,,,,,,,,,,,,,,,,,,,,,,,,,,,,,,,,,,,,,,,,,,,,,,,,,,,,,,22.2204,114.2127
2025-07-21T05:00,28,28.4,27.1,28.2,28,27.3,27.1,27.3,28.7,28,27.4,27.2,27.8,27.7,28.1,27.3,27.1,28,27,27.8,27.7,27.5,27.3,28.9,28.1,27.1,27.1,28.6,26.6,26.8,28.5,28.1,27.3,27,27.8,28.8,29.2,27.1,27.6,28.3,88,89,91,90,89,91,91,90,90,90,90,93,89,92,91,93,93,92,91,90,89,93,90,89,90,94,93,87,94,94,89,87,90,95,92,89,88,94,93,90,2.7,0.9,0.9,0.9,1.4,2,0.4,1,1.2,2.5,0.9,2.1,3.4,1.9,1.7,2.1,11.5,0.5,0.3,0.4,1.1,0.8,1.2,3.1,3.8,6.3,1.9,0.2,9.4,2,0.5,2.9,0.1,4.2,1.4,4.6,1,4,1.3,0.5,21,18.4,10.4,24.8,12.3,7.7,11.7,13.6,33.6,13.4,11.2,20.4,62,15.7,20.5,5.8,46.6,8.4,6.5,15.3,14.6,23.3,26.6,17.4,13.2,31.8,10.2,12.1,23.9,26.1,18.5,21.6,18.2,27.5,16.3,29.3,23,29.5,28.3,25,,,,,,,,,,,,,,,,,,,,,,,,,,,,,,,,,,,,,,,,,28.6,28,28.8,28.4,28.2,29,29,28.6,28.5,28.6,28.7,28.6,28.6,27.8,28,28.8,28.8,28.1,27.9,29.5,28.2,28.2,28.5,28.8,26.9,28.5,28.8,26.4,28.1,28.5,28.7,81,79,81,81,83,78,78,80,82,82,83,75,82,87,85,80,81,86,88,77,83,81,82,79,93,82,80,91,81,82,82,2.4,0.2,2.1,0.6,1.7,0.6,0.3,0.7,3,1.7,4.2,0.1,0.8,1.2,0.3,0.8,1.4,1.8,5.1,1.2,1.5,0.9,1.3,0.8,14.9,1.2,1.8,1.4,0.3,4.1,0.5,21.6,22.6,40.8,15.5,32.4,15.9,11.2,24.9,25.8,16.6,13.6,28.4,10.9,18.2,14.8,36.1,31.7,16.4,40.3,14.6,15.5,17.3,32.1,19.4,42.2,23.2,16.5,10.2,18.7,16.2,31.2,33.5,37.1,55.8,31.3,45,26.6,13.7,38.5,40.3,25.6,25.2,40.3,15.8,29.5,27.4,50,47.2,29.5,55.4,22.3,28.4,31.3,45.4,33.8,55.8,36.4,27.4,13.7,32,27.4,44.6,,,,,,,,,,,,,,,,,,,,,,,,,,,,,,,,,,,,,,,,,,,,,,,,,,,,,,,,,,,,,,,,,,,,,,,,,,,,,,,,,,,,,,,,,,,,,,,,,,,,,,,,,,,,,,,,,,,,,,,,,,,,,,,,,,,,,,,,,,,,,,,,,,,,,,,,,,,,,,,,,,,,,,,,,,,,,,,,,,,,,,,,,,,,,,,,,,,,,,,,,,,,,,,,,,,,,,,,,,,,,,,,,,,,,,,,,,,,,,,,,,,,,,,,,,,,,,,,22.2204,114.2127
2025-07-21T06:00,28.1,28.5,27.1,28.2,28,27.3,27.1,27.3,28.7,28,27.4,27.4,27.9,27.8,28.3,27.4,27.1,28.1,27.1,27.8,27.8,27.5,27.2,29,28.1,27.2,27.1,28.6,26.6,26.9,28.6,28.1,27.3,27.1,27.7,28.8,29.2,27.2,27.7,28.3,88,89,91,90,89,91,91,90,90,90,90,91,89,91,90,93,93,92,90,90,89,92,91,89,90,94,93,87,94,94,89,87,91,95,93,89,88,94,93,90,2.8,3,3.5,0.5,0.4,2.5,1.3,1.3,1.2,3.7,0.4,0.7,2,1.4,1.5,1.5,6.1,1.3,0.2,2.5,1.6,0.3,0.5,4.7,2,3.8,2.6,1.1,4.2,0.8,0.4,0.3,0.4,3.6,3.3,6.3,1.1,4.6,1.3,0.5,22.4,18.2,11.2,23.3,12.5,7.4,12.3,14.4,32.1,13.9,11.2,19.5,57.8,15,22.3,5.7,40.2,8.9,7.2,15.9,14.8,24.6,25.1,15.6,15,29,9.7,12.6,20.1,25.5,19.5,21.9,17.1,25.6,16.1,29.6,23.1,28.1,26.6,23.7,,,,,,,,,,,,,,,,,,,,,,,,,,,,,,,,,,,,,,,,,28.9,28.1,28.8,28.5,28.4,29.1,29.1,28.9,28.7,28.7,28.6,28.8,28.9,28,28.4,29,28.9,28.4,28,29.7,28.2,28.4,28.7,28.8,27.1,28.5,28.8,26.5,28.2,28.6,28.9,80,79,81,80,82,78,77,78,81,81,84,75,81,86,82,78,81,85,87,76,83,80,81,79,91,82,80,90,81,81,81,1.2,0.1,2.2,0.2,1.1,0.5,0.3,0.2,0.8,2.5,4.4,0.5,1.5,0.5,1.9,1,3.9,3,3.7,0.4,1.7,0.7,1.2,1.9,2.3,1.7,3.5,0.7,0.1,3.9,0.2,23.2,23.1,36,17.9,33,15.8,12.6,23.9,27.9,12.6,12.4,27.4,10.9,16.2,14.6,32.6,30.8,15.1,39,17.3,14.4,18.2,34,20.5,43.9,24.5,14.2,12.3,18.6,16.6,29.8,34.6,37.1,49.7,34.9,45,25.9,15.8,37.8,42.1,23.8,22.7,39.2,15.8,29.9,26.3,45.7,46.8,27.4,54,25.2,25.6,31,47.2,35.3,57.2,37.8,23,15.8,32.8,28.4,42.1,,,,,,,,,,,,,,,,,,,,,,,,,,,,,,,,,,,,,,,,,,,,,,,,,,,,,,,,,,,,,,,,,,,,,,,,,,,,,,,,,,,,,,,,,,,,,,,,,,,,,,,,,,,,,,,,,,,,,,,,,,,,,,,,,,,,,,,,,,,,,,,,,,,,,,,,,,,,,,,,,,,,,,,,,,,,,,,,,,,,,,,,,,,,,,,,,,,,,,,,,,,,,,,,,,,,,,,,,,,,,,,,,,,,,,,,,,,,,,,,,,,,,,,,,,,,,,,,22.2204,114.2127
2025-07-21T07:00,28.2,28.5,27.2,28.3,27.9,27.3,27.2,27.4,28.8,28,27.4,27.7,27.9,27.9,28.5,27.5,27.3,28.2,27.3,27.9,27.8,27.6,27.1,29.1,28.1,27.3,27.1,28.6,26.7,26.9,28.6,28.1,27.3,27.2,27.8,28.7,29.3,27.4,27.7,28.4,88,90,91,90,88,91,91,89,89,89,89,89,89,91,88,93,93,91,89,89,89,91,92,88,90,93,93,88,94,94,89,88,92,94,95,89,87,94,93,89,2.8,3,3.5,0.5,0.4,2.5,1.3,1.3,1.2,3.7,0.4,0.7,2,1.4,1.5,1.5,6.1,1.3,0.2,2.5,1.6,0.3,0.5,4.7,2,3.8,2.6,1.1,4.2,0.8,0.4,0.3,0.4,3.6,3.3,6.3,1.1,4.6,1.3,0.5,25.1,19.2,12.3,22,13.4,7.1,13.4,15.9,30.6,14.4,12,17.9,50.7,14.1,24.5,5.1,31.6,9.2,8.2,16.4,15.5,26.4,24.6,13.5,16.6,24.9,9.7,13.2,16.4,25,20.4,22.8,15.8,23.4,16.4,30.5,23.4,26.7,24.7,22.9,,,,,,,,,,,,,,,,,,,,,,,,,,,,,,,,,,,,,,,,,29.2,28.2,28.6,28.9,28.6,29.2,29.4,29.3,28.9,28.9,28.5,29.1,29.2,28.2,29,29.5,29,28.7,28,30.1,28.3,28.7,29,28.9,27.5,28.6,28.9,26.7,28.4,28.9,29.1,79,78,81,79,81,77,76,75,80,80,84,75,79,84,79,76,82,83,86,74,83,78,80,79,88,81,80,90,80,81,79,1.2,0.1,2.2,0.2,1.1,0.5,0.3,0.2,0.8,2.5,4.4,0.5,1.5,0.5,1.9,1,3.9,3,3.7,0.4,1.7,0.7,1.2,1.9,2.3,1.7,3.5,0.7,0.1,3.9,0.2,25.5,24.2,31,19.8,33.5,16,14.8,22.9,29.3,9.5,10.4,26.6,11.2,18.2,13.8,27.6,28.7,14.5,38.1,20.1,13.3,19.4,35.3,22.8,44.8,26.3,12,13.6,18.9,17.4,26.7,36.4,37.4,44.3,36.7,44.3,24.8,18.7,37.4,42.8,22.7,18.7,38.2,16.6,31.3,25.2,40,44.3,25.9,53.3,28.4,21.6,31,49.3,37.4,57.6,40,18.7,18.7,33.5,30.6,37.8,,,,,,,,,,,,,,,,,,,,,,,,,,,,,,,,,,,,,,,,,,,,,,,,,,,,,,,,,,,,,,,,,,,,,,,,,,,,,,,,,,,,,,,,,,,,,,,,,,,,,,,,,,,,,,,,,,,,,,,,,,,,,,,,,,,,,,,,,,,,,,,,,,,,,,,,,,,,,,,,,,,,,,,,,,,,,,,,,,,,,,,,,,,,,,,,,,,,,,,,,,,,,,,,,,,,,,,,,,,,,,,,,,,,,,,,,,,,,,,,,,,,,,,,,,,,,,,,22.2204,114.2127
2025-07-21T08:00,28.4,28.6,27.3,28.4,27.9,27.4,27.4,27.4,28.8,28,27.5,27.9,27.9,28.1,28.7,27.6,27.5,28.4,27.5,28.1,28,27.8,27.1,29.3,28.1,27.5,27.3,28.7,26.8,27.1,28.8,28.2,27.3,27.4,27.8,28.7,29.4,27.5,27.9,28.5,88,90,91,90,88,91,90,89,89,89,88,87,89,90,87,92,93,91,88,89,89,90,93,87,90,93,92,88,93,94,89,88,92,93,95,89,87,94,92,89,2.8,3,3.5,0.5,0.4,2.5,1.3,1.3,1.2,3.7,0.4,0.7,2,1.4,1.5,1.5,6.1,1.3,0.2,2.5,1.6,0.3,0.5,4.7,2,3.8,2.6,1.1,4.2,0.8,0.4,0.3,0.4,3.6,3.3,6.3,1.1,4.6,1.3,0.5,27.2,19.9,13.2,20.9,14,7,14.2,16.6,28.8,14.8,12.5,17.5,44.7,13.9,26.2,5.1,26.6,9.4,8.7,16.8,16.1,27.6,24.5,12.6,18.2,21.6,9.7,13.5,13.9,24.9,21.6,23.6,14.8,22,16.3,31,24,25.6,23.6,22.6,,,,,,,,,,,,,,,,,,,,,,,,,,,,,,,,,,,,,,,,,29.6,28.6,28.7,29.2,28.6,29.5,29.8,29.7,29.2,29.1,28.5,29.5,29.7,28.5,29.5,30,29.1,29.1,28,30.5,28.5,29.2,29.2,29.1,27.9,28.8,29,26.9,28.8,29.1,29.5,77,77,81,77,81,76,75,73,78,79,84,74,76,83,75,73,82,81,86,72,82,75,78,78,86,80,80,89,78,79,77,1.2,0.1,2.2,0.2,1.1,0.5,0.3,0.2,0.8,2.5,4.4,0.5,1.5,0.5,1.9,1,3.9,3,3.7,0.4,1.7,0.7,1.2,1.9,2.3,1.7,3.5,0.7,0.1,3.9,0.2,26.5,25.3,27.8,22.1,32.5,16.2,15.8,23.2,29.7,9.6,9.4,26.6,10.7,22,14.3,24.8,27.8,14.8,36.9,22.1,13.4,19.9,36,24.4,43.6,27,9.4,14.3,18.6,18.6,26.1,36.7,37.4,40.3,37.8,43.2,23.4,20.9,37.8,42.5,21.6,15.8,37.4,17.3,33.8,24.5,36,41,25.2,51.8,31,20.5,30.2,49.7,38.9,56.2,40.7,16.2,22,33.5,32.4,36,,,,,,,,,,,,,,,,,,,,,,,,,,,,,,,,,,,,,,,,,,,,,,,,,,,,,,,,,,,,,,,,,,,,,,,,,,,,,,,,,,,,,,,,,,,,,,,,,,,,,,,,,,,,,,,,,,,,,,,,,,,,,,,,,,,,,,,,,,,,,,,,,,,,,,,,,,,,,,,,,,,,,,,,,,,,,,,,,,,,,,,,,,,,,,,,,,,,,,,,,,,,,,,,,,,,,,,,,,,,,,,,,,,,,,,,,,,,,,,,,,,,,,,,,,,,,,,,22.2204,114.2127
2025-07-21T09:00,28.5,28.7,27.4,28.5,28,27.5,27.7,27.4,28.9,28,27.8,27.9,27.9,28.4,29.1,27.9,28,28.6,27.8,28.2,28.2,28.1,27.2,29.5,28.1,27.7,27.5,28.8,27.1,27.4,29.1,28.6,27.4,27.5,28,28.8,29.5,27.6,28.2,28.8,88,90,90,89,88,90,89,89,89,89,87,87,90,89,85,91,91,90,88,88,88,88,93,86,90,92,91,88,92,93,87,86,92,92,93,89,86,94,91,88,4,5.1,1.6,0.5,0.6,2,0.6,3.2,1.5,4.1,1.6,1.8,1.9,0.8,0.9,1,0.9,1.3,1,2.5,2.4,0.2,1.7,3.6,1.9,2.3,2.1,3.9,1.5,0.6,0.5,0.2,1.4,1.5,1.6,3.4,0.9,3.5,1.1,0.5,28.8,20.8,13,20,14.4,7.5,14.8,16.5,27.3,15.3,13.1,18.8,40.4,14.8,27.1,5.4,26.5,9.9,8,17,16.1,27.9,24.5,13.6,19,20.5,9.7,12.9,13.8,25.3,22.5,23.3,13.9,21.1,13.7,30.6,24.5,25.2,23.4,23.2,,,,,,,,,,,,,,,,,,,,,,,,,,,,,,,,,,,,,,,,,30.1,29.5,29.2,30,28.5,30.1,30.5,30.1,30,29.4,29.1,30.1,30.4,28.6,30,30.8,29.5,29.6,27.9,31.1,29,30.1,29.6,29.5,28.4,29.4,29.3,27.2,29.6,29.8,30,75,74,79,74,82,73,72,72,75,78,81,71,73,83,72,70,80,79,87,69,81,71,76,76,83,78,79,88,74,76,74,0.4,0,2.9,0.3,1.5,0.7,0,0.5,3.3,1.8,3.4,0.1,0.3,0.2,1.4,0.8,2.9,3.1,3.5,0.5,1.5,0.1,1.5,1.7,0.6,0.7,4,1.3,0.1,2.5,1.6,26.2,25,27.5,24.1,30.8,15.6,16.5,25.9,28.2,11.2,9.5,27.7,9.9,25.3,16.4,25.4,26.4,15.9,34.9,23,17,19.8,34.6,24.9,39.8,25.9,7.8,15.3,18.6,21,28.5,34.9,36.7,38.9,38.2,41.8,21.6,21.6,39.6,40,20.9,15.8,37.4,16.9,38.5,25.6,35.6,37.1,25.2,49.3,31.7,24.8,27.4,46.8,39.2,51.1,38.2,16.9,25.6,31.3,33.8,38.9,,,,,,,,,,,,,,,,,,,,,,,,,,,,,,,,,,,,,,,,,,,,,,,,,,,,,,,,,,,,,,,,,,,,,,,,,,,,,,,,,,,,,,,,,,,,,,,,,,,,,,,,,,,,,,,,,,,,,,,,,,,,,,,,,,,,,,,,,,,,,,,,,,,,,,,,,,,,,,,,,,,,,,,,,,,,,,,,,,,,,,,,,,,,,,,,,,,,,,,,,,,,,,,,,,,,,,,,,,,,,,,,,,,,,,,,,,,,,,,,,,,,,,,,,,,,,,,,22.2204,114.2127
2025-07-21T10:00,28.7,28.9,27.6,28.8,28.1,27.7,28.2,27.4,29,28,28.1,27.9,28,28.7,29.5,28.2,28.5,28.9,28,28.4,28.5,28.6,27.3,29.8,28.2,28,27.8,29,27.4,27.9,29.4,29.2,27.5,27.7,28.2,29,29.8,27.6,28.5,29,87,89,90,89,87,90,87,90,88,89,87,88,91,88,84,90,89,89,89,88,87,86,92,85,90,91,90,87,90,91,84,84,91,92,91,88,86,93,89,88,4,5.1,1.6,0.5,0.6,2,0.6,3.2,1.5,4.1,1.6,1.8,1.9,0.8,0.9,1,0.9,1.3,1,2.5,2.4,0.2,1.7,3.6,1.9,2.3,2.1,3.9,1.5,0.6,0.5,0.2,1.4,1.5,1.6,3.4,0.9,3.5,1.1,0.5,30.1,21.6,12.5,19.3,14.8,7.9,15.5,16.4,25.8,15.7,14.2,20.8,36.8,16.8,27.7,6.1,28.5,10.7,7.2,17.2,15.8,27.6,24.7,15.9,19.2,19.9,9.7,12.1,15.3,25.8,23.1,23.1,13.6,20.9,9.9,30.4,24.8,25.6,23.6,24.9,,,,,,,,,,,,,,,,,,,,,,,,,,,,,,,,,,,,,,,,,30.8,30.5,29.8,30.9,28.4,30.8,31.4,30.5,30.8,29.7,29.9,30.9,31.1,28.7,30.5,31.6,29.9,30.1,27.6,31.9,29.5,31.3,30.1,29.9,29,30,29.6,27.5,30.7,30.5,30.6,72,69,76,70,82,70,68,71,72,76,77,68,69,83,70,66,78,76,89,66,79,67,74,74,80,75,77,87,70,72,71,0.4,0,2.9,0.3,1.5,0.7,0,0.5,3.3,1.8,3.4,0.1,0.3,0.2,1.4,0.8,2.9,3.1,3.5,0.5,1.5,0.1,1.5,1.7,0.6,0.7,4,1.3,0.1,2.5,1.6,25.3,24.2,28.8,25.9,28.8,14.6,16.6,30.4,26.8,13,11.3,29.2,10.6,28.9,19.1,27.5,24.2,18,33,23.9,22.9,19.6,32.2,24.9,33.9,23.9,10,16.5,18.8,24.1,32.7,31.7,36,39.2,37.8,40,19.8,21.2,42.5,36,20.2,16.9,38.2,15.8,44.3,27.4,37.4,32.8,25.9,46.4,31.7,32.4,24.1,42.5,38.9,43.9,34.2,19.8,29.2,28.4,34.9,44.3,,,,,,,,,,,,,,,,,,,,,,,,,,,,,,,,,,,,,,,,,,,,,,,,,,,,,,,,,,,,,,,,,,,,,,,,,,,,,,,,,,,,,,,,,,,,,,,,,,,,,,,,,,,,,,,,,,,,,,,,,,,,,,,,,,,,,,,,,,,,,,,,,,,,,,,,,,,,,,,,,,,,,,,,,,,,,,,,,,,,,,,,,,,,,,,,,,,,,,,,,,,,,,,,,,,,,,,,,,,,,,,,,,,,,,,,,,,,,,,,,,,,,,,,,,,,,,,,22.2204,114.2127
2025-07-21T11:00,28.9,29,27.7,28.9,28.3,27.9,28.6,27.4,29,28.3,28.4,27.9,28.1,28.9,29.8,28.5,28.9,29.1,28.2,28.5,28.7,29,27.5,30,28.2,28.2,28.1,29.2,27.7,28.2,29.8,29.5,27.6,27.8,28.4,29.1,29.9,27.7,28.7,29.2,87,89,89,88,87,89,85,91,88,88,86,89,92,87,82,88,87,88,89,87,86,84,91,84,90,90,89,87,89,89,82,82,91,91,89,88,85,93,88,87,4,5.1,1.6,0.5,0.6,2,0.6,3.2,1.5,4.1,1.6,1.8,1.9,0.8,0.9,1,0.9,1.3,1,2.5,2.4,0.2,1.7,3.6,1.9,2.3,2.1,3.9,1.5,0.6,0.5,0.2,1.4,1.5,1.6,3.4,0.9,3.5,1.1,0.5,31,21.9,12.3,18.6,14.6,8.2,16.2,16.2,24.6,16.6,15.4,22.2,33.9,18,28.1,7.5,29.6,11.2,6.6,17.7,15.5,27.5,25.1,18.1,19.7,19.5,10.5,11.6,16.8,26.6,24.2,21.7,13.7,20.7,7.3,29.3,25.1,25.6,23.6,25.7,,,,,,,,,,,,,,,,,,,,,,,,,,,,,,,,,,,,,,,,,31.2,31.5,30.1,31.6,28.2,31.4,31.8,30.7,31.2,30,30.5,31.4,31.7,28.9,31,32.3,30.2,30.5,27.5,32.4,30,32.2,30.4,30.4,29.4,30.5,30,28,31.6,31,31,70,65,74,67,83,67,66,71,70,74,74,65,66,82,67,63,76,74,90,64,77,64,73,71,78,73,75,85,66,70,69,0.4,0,2.9,0.3,1.5,0.7,0,0.5,3.3,1.8,3.4,0.1,0.3,0.2,1.4,0.8,2.9,3.1,3.5,0.5,1.5,0.1,1.5,1.7,0.6,0.7,4,1.3,0.1,2.5,1.6,24,24.2,29.7,27.4,26.8,14,16.7,34.1,25.4,14.5,13.3,30.3,12.8,32.2,21.4,29.5,21.7,19.9,32.4,24.9,27.7,18,31.6,25.5,29.2,22.6,13,18.3,19.2,26,36.4,29.5,35.3,39.2,37.4,37.8,18.7,20.5,46.1,32.8,19.8,18.4,38.2,15.5,47.2,28.8,38.5,29.9,26.3,44.6,31.3,37.8,21.6,41,39.2,38.2,31.7,22,31.3,25.9,35.3,48.6,,,,,,,,,,,,,,,,,,,,,,,,,,,,,,,,,,,,,,,,,,,,,,,,,,,,,,,,,,,,,,,,,,,,,,,,,,,,,,,,,,,,,,,,,,,,,,,,,,,,,,,,,,,,,,,,,,,,,,,,,,,,,,,,,,,,,,,,,,,,,,,,,,,,,,,,,,,,,,,,,,,,,,,,,,,,,,,,,,,,,,,,,,,,,,,,,,,,,,,,,,,,,,,,,,,,,,,,,,,,,,,,,,,,,,,,,,,,,,,,,,,,,,,,,,,,,,,,22.2204,114.2127
2025-07-21T12:00,28.9,29,27.7,29,28.4,28,29,27.3,29.1,28.9,28.7,28,28.2,28.9,30.1,28.9,29,29.2,28.4,28.7,28.8,29.4,27.5,30.2,28.2,28.2,28.5,29.4,27.8,28.4,30,29.5,27.7,27.8,28.5,29,30.1,27.7,28.6,29.2,87,89,89,87,87,89,84,92,88,85,85,89,92,87,81,85,87,87,88,86,86,82,91,84,90,89,87,86,89,88,81,82,91,91,89,88,84,93,89,87,4.1,4,1.3,0.9,0.3,1.6,0.2,2.9,1.4,0,0.4,3.8,2.3,2,1.3,0.1,1.4,1.4,1.4,1.4,1.6,0.6,1.5,2.9,1.5,2.4,0.5,1.5,3.1,0.6,0.1,0.6,0.9,1.7,2.5,4.9,1,4.1,2.3,0.7,30.9,21.6,13.7,18.4,13.8,8.4,17,14.4,24,18.7,16.2,22.8,32,18.9,28.6,10,27.9,11.7,5.8,18.4,14.7,27.5,24.9,19.9,20.9,18.8,12.5,12.1,18.2,27.3,25.8,19.6,15.2,20.5,7.9,27.7,24.5,25.2,22.8,25.7,,,,,,,,,,,,,,,,,,,,,,,,,,,,,,,,,,,,,,,,,31.4,32.2,29.9,32.2,28.2,31.6,31.2,30.8,31.2,30.5,31,31.5,32.2,29.3,31.7,32.8,30.6,30.9,27.9,32.8,30.4,32.8,30.1,31,29.1,30.6,30.4,28.8,32.2,30.6,31,69,62,75,65,83,65,69,71,70,72,72,65,64,80,64,61,74,72,88,62,75,62,74,67,79,72,73,82,64,72,70,2.4,0.1,1.3,0.1,1.5,0,0,0.6,2.6,0.3,1.9,0.2,0,0.3,0.5,0.3,3.3,1.6,3.2,0.3,1.9,0.1,0.6,0.3,0.7,0,2,0.4,0,0.5,1.5,22.9,25.5,28.2,28.8,23.8,14.6,14.8,35.3,23.8,15.5,14.6,30.2,14.8,32.4,22.8,30,19.5,19.7,33.3,25.5,29.2,16,35.3,28.8,26.3,22.5,14.5,19.7,19.8,25.9,39.8,29.2,35.6,38.2,37.8,34.6,18.7,18.7,50.8,30.2,19.1,19.4,37.4,15.8,45,29.9,38.9,29.9,25.9,45.7,31,39.2,21.6,45.7,41.8,36,31.3,23,31.3,25.2,34.6,51.8,,,,,,,,,,,,,,,,,,,,,,,,,,,,,,,,,,,,,,,,,,,,,,,,,,,,,,,,,,,,,,,,,,,,,,,,,,,,,,,,,,,,,,,,,,,,,,,,,,,,,,,,,,,,,,,,,,,,,,,,,,,,,,,,,,,,,,,,,,,,,,,,,,,,,,,,,,,,,,,,,,,,,,,,,,,,,,,,,,,,,,,,,,,,,,,,,,,,,,,,,,,,,,,,,,,,,,,,,,,,,,,,,,,,,,,,,,,,,,,,,,,,,,,,,,,,,,,,22.2204,114.2127
2025-07-21T13:00,28.9,29.1,27.6,29.1,28.5,28.1,29.2,27.2,29,29.8,29.1,28,28.4,28.9,30.4,29.3,28.9,29.3,28.5,28.9,28.8,29.7,27.6,30.3,28.2,28.1,29,29.7,27.7,28.5,30.2,29.3,27.9,27.8,28.5,29,30.2,27.7,28.3,29.2,87,89,89,86,86,88,83,92,87,80,83,89,91,87,80,82,87,87,87,85,86,80,91,84,90,89,85,85,89,87,81,83,92,91,90,88,83,93,90,87,4.1,4,1.3,0.9,0.3,1.6,0.2,2.9,1.4,0,0.4,3.8,2.3,2,1.3,0.1,1.4,1.4,1.4,1.4,1.6,0.6,1.5,2.9,1.5,2.4,0.5,1.5,3.1,0.6,0.1,0.6,0.9,1.7,2.5,4.9,1,4.1,2.3,0.7,30.1,21,15.8,18,12.7,8.7,18.4,11.5,23.7,20.8,17.3,22.7,31.2,19.2,28.8,13.4,25.2,12.2,4.9,19.5,13.9,27.9,24.5,22.2,22.5,18,15.5,12.7,19.5,28,27.4,16.4,17.6,20.7,10,25.8,23.7,24.9,22,25.7,,,,,,,,,,,,,,,,,,,,,,,,,,,,,,,,,,,,,,,,,31.5,32.9,29.4,32.6,28.2,31.8,30.1,30.6,30.9,30.9,31.3,31.5,32.6,29.9,32.4,32.9,31,31,28.4,33.2,30.6,33,29.6,31.9,28.6,30.6,30.6,29.7,32.5,30,30.8,69,60,78,63,82,64,74,71,70,70,70,65,63,76,61,61,72,70,84,61,74,61,75,64,81,72,71,77,63,75,72,2.4,0.1,1.3,0.1,1.5,0,0,0.6,2.6,0.3,1.9,0.2,0,0.3,0.5,0.3,3.3,1.6,3.2,0.3,1.9,0.1,0.6,0.3,0.7,0,2,0.4,0,0.5,1.5,23.7,27.6,26.6,30.5,20.5,16.1,12.4,36.4,22.6,15.6,15.9,29.6,16.2,30.1,23.6,29.6,21.6,18.3,34.8,25.2,29.8,18.1,41.1,33.2,24.3,23.3,15,20.6,19.9,25.3,42.7,29.2,36.7,37.1,38.5,31,19.4,16.6,56.2,28.1,18.7,20.9,36.4,16.9,40.3,30.2,38.5,31.3,24.8,47.9,30.2,39.2,22.7,53.6,44.6,35.6,32,23.8,29.9,25.2,33.5,54.4,,,,,,,,,,,,,,,,,,,,,,,,,,,,,,,,,,,,,,,,,,,,,,,,,,,,,,,,,,,,,,,,,,,,,,,,,,,,,,,,,,,,,,,,,,,,,,,,,,,,,,,,,,,,,,,,,,,,,,,,,,,,,,,,,,,,,,,,,,,,,,,,,,,,,,,,,,,,,,,,,,,,,,,,,,,,,,,,,,,,,,,,,,,,,,,,,,,,,,,,,,,,,,,,,,,,,,,,,,,,,,,,,,,,,,,,,,,,,,,,,,,,,,,,,,,,,,,,22.2204,114.2127
2025-07-21T14:00,28.9,29.1,27.5,29,28.5,28.1,29.4,27.2,29,30.2,29.2,28.1,28.5,28.9,30.6,29.5,28.9,29.2,28.6,29,28.7,29.9,27.6,30.3,28.2,28.1,29.2,29.8,27.7,28.5,30.3,29.1,27.9,27.7,28.4,28.9,30.2,27.7,28.1,29.1,87,89,89,86,86,88,82,92,87,78,82,89,90,87,79,81,87,87,86,85,86,79,91,84,90,89,84,85,89,87,81,84,92,91,91,88,83,93,91,87,4.1,4,1.3,0.9,0.3,1.6,0.2,2.9,1.4,0,0.4,3.8,2.3,2,1.3,0.1,1.4,1.4,1.4,1.4,1.6,0.6,1.5,2.9,1.5,2.4,0.5,1.5,3.1,0.6,0.1,0.6,0.9,1.7,2.5,4.9,1,4.1,2.3,0.7,29.3,20.7,17.2,18.4,11.6,8.4,19.2,9.9,23.2,21.7,17.8,22.5,30.4,19.1,28.9,15.7,22.7,12.3,4.1,20.2,13.3,27.6,23.8,24.2,23.3,17.3,17.1,13.5,20.9,28.4,28.2,14,18.7,20.5,11.4,24.4,23.5,24.2,21.8,25.7,,,,,,,,,,,,,,,,,,,,,,,,,,,,,,,,,,,,,,,,,31.5,33.2,29,32.8,28.3,31.9,29.5,30.4,30.6,31.1,31.5,31.4,32.7,30.2,32.8,32.8,31.1,31.1,28.9,33.3,30.7,33.2,29.2,32.2,28.4,30.5,30.9,30.4,32.7,29.5,30.5,69,59,80,62,81,64,77,71,71,68,69,66,63,74,59,61,71,68,81,60,73,61,76,62,83,72,69,74,62,78,73,2.4,0.1,1.3,0.1,1.5,0,0,0.6,2.6,0.3,1.9,0.2,0,0.3,0.5,0.3,3.3,1.6,3.2,0.3,1.9,0.1,0.6,0.3,0.7,0,2,0.4,0,0.5,1.5,26.3,27.8,25.2,31.5,18.9,16.8,11.7,37.6,22,15.5,17.6,28.9,17.7,27.6,23.7,29.4,25.3,17.2,36.2,24.2,30.5,21.7,45.1,35,22.6,24.7,15.4,21.3,19.4,24.3,43.1,29.9,36,36.4,38.2,28.8,20.2,14.8,60.1,27,18.4,22.3,35.6,18,36,30.2,38.2,32.4,24.1,49.7,29.2,39.6,23.4,58.7,45.4,34.9,33.8,23.4,28.1,24.5,32,54.4,,,,,,,,,,,,,,,,,,,,,,,,,,,,,,,,,,,,,,,,,,,,,,,,,,,,,,,,,,,,,,,,,,,,,,,,,,,,,,,,,,,,,,,,,,,,,,,,,,,,,,,,,,,,,,,,,,,,,,,,,,,,,,,,,,,,,,,,,,,,,,,,,,,,,,,,,,,,,,,,,,,,,,,,,,,,,,,,,,,,,,,,,,,,,,,,,,,,,,,,,,,,,,,,,,,,,,,,,,,,,,,,,,,,,,,,,,,,,,,,,,,,,,,,,,,,,,,,22.2204,114.2127
2025-07-21T15:00,28.9,29.1,27.5,28.9,28.4,28,29.3,27.4,28.8,29.9,29.1,28.2,28.5,28.7,30.6,29.2,28.9,28.9,28.4,28.9,28.6,29.9,27.8,30.4,28.3,28,29,29.5,27.7,28.3,30.2,29.1,27.6,27.7,28,28.9,30,27.7,28,29.2,87,89,89,87,86,88,82,91,88,80,83,88,90,88,79,83,87,88,86,86,86,79,90,83,89,89,85,86,89,88,82,84,92,91,92,88,84,93,91,86,1.6,2.3,1.2,0.2,0.7,3.1,0,0.7,1.4,2,0.7,0.8,2.2,1.6,0.1,0.7,1.3,1.7,0.5,1.9,0.7,0.5,0.8,1,0.9,1.6,1.9,2.6,2.6,1.9,0.3,0.8,4.3,1.1,6.2,2,0.8,2.3,1.1,0.2,28.7,20.5,16.3,18.2,10.9,7.9,19.2,9.8,22.2,19.8,17.5,21.9,29.5,18.4,27.9,16.5,20.6,11.9,4,20.5,13.6,26.6,23,24.5,23.6,16.4,16.1,13.8,21.3,27.4,28,12.6,17.1,20.4,10.4,24.3,24.5,23.4,22.1,26.1,,,,,,,,,,,,,,,,,,,,,,,,,,,,,,,,,,,,,,,,,31.4,33.3,29.2,32.7,28.5,31.8,29.6,30.2,30.5,31.2,31.6,31.2,32.5,30.2,32.8,32.5,30.9,31.4,29.3,33.2,30.6,33,29,31.9,28.5,30.6,31,30.6,32.7,29.3,30.3,69,59,79,63,80,64,76,72,71,68,69,67,64,73,59,62,72,67,78,61,73,62,76,64,83,71,68,72,62,79,73,0.6,0.1,0.3,0,0.7,0,0,0.3,1.1,0.1,0.5,0.1,0.3,0.2,0.1,0.6,0.6,0,2.2,0.3,1,0.2,0.4,0.3,0.6,0,0.1,0.7,0,1,0.2,27.4,25.9,25.2,30.3,19.4,16.4,11.5,38.4,22.2,14.3,19.9,28.6,19.1,25.5,22.8,28.8,25.7,17,36.3,22.4,31.7,22.9,44.8,31.2,21.3,26.7,14.6,20.9,17.5,22.9,39.6,31,32.8,36,36,28.8,19.8,14,61.2,27.4,17.6,23.8,35.3,19.8,33.1,29.2,37.4,32,23.8,50.4,27,41.8,23.4,58.7,41.4,33.5,36.7,21.6,26.3,22.3,30.6,50.4,,,,,,,,,,,,,,,,,,,,,,,,,,,,,,,,,,,,,,,,,,,,,,,,,,,,,,,,,,,,,,,,,,,,,,,,,,,,,,,,,,,,,,,,,,,,,,,,,,,,,,,,,,,,,,,,,,,,,,,,,,,,,,,,,,,,,,,,,,,,,,,,,,,,,,,,,,,,,,,,,,,,,,,,,,,,,,,,,,,,,,,,,,,,,,,,,,,,,,,,,,,,,,,,,,,,,,,,,,,,,,,,,,,,,,,,,,,,,,,,,,,,,,,,,,,,,,,,22.2204,114.2127
2025-07-21T16:00,28.8,29.1,27.4,28.6,28.2,27.8,29,27.8,28.5,29.3,28.9,28.2,28.4,28.6,30.5,28.7,28.8,28.5,28.2,28.7,28.5,29.6,27.9,30.5,28.3,28,28.6,29,27.7,28,30,29.1,27,27.6,27.5,28.9,29.7,27.7,28,29.3,86,89,89,88,87,88,83,89,89,84,85,88,89,89,79,86,86,89,87,87,87,80,88,82,89,89,87,87,89,90,84,83,91,92,93,88,85,93,91,85,1.6,2.3,1.2,0.2,0.7,3.1,0,0.7,1.4,2,0.7,0.8,2.2,1.6,0.1,0.7,1.3,1.7,0.5,1.9,0.7,0.5,0.8,1,0.9,1.6,1.9,2.6,2.6,1.9,0.3,0.8,4.3,1.1,6.2,2,0.8,2.3,1.1,0.2,27.5,20.1,15,18.1,10.2,6.9,18.8,10.8,21.1,16.6,16.7,21.1,29.3,17,26.7,16.7,18.3,11.3,4.8,20.9,14.7,25.1,22,24.2,23.6,14.9,14.3,14,21.8,25.7,27.1,11.6,14.8,19.9,8.4,24.5,25.6,22.4,22.9,27,,,,,,,,,,,,,,,,,,,,,,,,,,,,,,,,,,,,,,,,,31.2,33.1,29.7,32.4,28.8,31.7,30.2,29.9,30.5,31.1,31.5,31,32,30,32.5,31.9,30.4,31.5,29.7,32.8,30.4,32.5,28.9,31.2,28.8,30.7,30.9,30.7,32.5,29.2,30.1,69,60,76,64,79,65,73,73,72,68,70,68,65,73,61,64,74,67,76,62,73,63,75,68,82,71,69,72,63,79,73,0.6,0.1,0.3,0,0.7,0,0,0.3,1.1,0.1,0.5,0.1,0.3,0.2,0.1,0.6,0.6,0,2.2,0.3,1,0.2,0.4,0.3,0.6,0,0.1,0.7,0,1,0.2,27.6,22.7,25.5,27.7,20.6,15.5,11.2,39.6,23,13.5,21.7,28.6,20.5,23,20.9,28.1,24.5,17.3,36.2,19.9,32.8,21.7,42.1,25.6,20.9,29.4,13.4,19.8,14.8,20.6,33.7,32,28.4,36,32.8,29.9,19.4,13.7,60.8,28.8,17.3,25.6,34.6,22,31,27,36.4,31,23.8,50.4,24.1,44.3,23,56.2,34.9,31.7,40.3,19.1,24.5,19.8,29.5,43.6,,,,,,,,,,,,,,,,,,,,,,,,,,,,,,,,,,,,,,,,,,,,,,,,,,,,,,,,,,,,,,,,,,,,,,,,,,,,,,,,,,,,,,,,,,,,,,,,,,,,,,,,,,,,,,,,,,,,,,,,,,,,,,,,,,,,,,,,,,,,,,,,,,,,,,,,,,,,,,,,,,,,,,,,,,,,,,,,,,,,,,,,,,,,,,,,,,,,,,,,,,,,,,,,,,,,,,,,,,,,,,,,,,,,,,,,,,,,,,,,,,,,,,,,,,,,,,,,22.2204,114.2127
2025-07-21T17:00,28.7,29.1,27.4,28.4,28,27.6,28.8,28,28.3,28.7,28.7,28.3,28.4,28.4,30.3,28.3,28.8,28.1,28,28.5,28.4,29.3,28.1,30.5,28.4,27.9,28.4,28.7,27.7,27.8,29.8,29,26.7,27.5,27.2,28.8,29.4,27.6,28,29.3,86,89,89,89,88,88,84,88,90,87,86,87,89,90,80,89,86,90,88,88,87,82,87,81,88,89,89,88,89,92,85,83,91,92,94,88,86,93,91,85,1.6,2.3,1.2,0.2,0.7,3.1,0,0.7,1.4,2,0.7,0.8,2.2,1.6,0.1,0.7,1.3,1.7,0.5,1.9,0.7,0.5,0.8,1,0.9,1.6,1.9,2.6,2.6,1.9,0.3,0.8,4.3,1.1,6.2,2,0.8,2.3,1.1,0.2,26.4,19.5,14,17.9,9.5,6,17.7,11.1,20.5,13.6,15.6,20.7,28.8,15.7,25.5,15.9,16.9,10.8,5.1,20.6,15.3,23.7,20.6,22.8,23.4,14.4,12.8,14.3,21.8,24.5,25.9,11.1,13.3,19.2,6.9,24.7,26.1,20.9,23.5,27.4,,,,,,,,,,,,,,,,,,,,,,,,,,,,,,,,,,,,,,,,,31,32.7,30,32,29,31.4,30.6,29.6,30.4,30.9,31.3,30.8,31.5,29.8,32.1,31.4,30,31.5,29.9,32.2,30.1,32,28.8,30.5,29,30.6,30.8,30.5,32.2,29.1,30,70,62,74,66,78,66,71,74,72,69,71,69,67,74,63,66,75,67,75,65,74,65,75,72,81,71,69,72,64,80,73,0.6,0.1,0.3,0,0.7,0,0,0.3,1.1,0.1,0.5,0.1,0.3,0.2,0.1,0.6,0.6,0,2.2,0.3,1,0.2,0.4,0.3,0.6,0,0.1,0.7,0,1,0.2,26.8,19.9,25.3,25.8,22.1,15.6,11.5,40.9,23.5,14.1,22.5,28.1,21,20.1,19.1,27.3,22.7,17.1,35.5,17.5,33,20.1,39.6,22,19.8,31,13,18,12.9,18.6,28.8,32.4,24.5,36,31.3,31,20.5,14.4,59.8,29.9,18.4,26.3,34.2,23.8,28.4,24.8,35.3,29.9,23,49.7,23,45,22.7,53.6,30.2,29.9,42.8,17.3,23,17.6,28.4,38.2,,,,,,,,,,,,,,,,,,,,,,,,,,,,,,,,,,,,,,,,,,,,,,,,,,,,,,,,,,,,,,,,,,,,,,,,,,,,,,,,,,,,,,,,,,,,,,,,,,,,,,,,,,,,,,,,,,,,,,,,,,,,,,,,,,,,,,,,,,,,,,,,,,,,,,,,,,,,,,,,,,,,,,,,,,,,,,,,,,,,,,,,,,,,,,,,,,,,,,,,,,,,,,,,,,,,,,,,,,,,,,,,,,,,,,,,,,,,,,,,,,,,,,,,,,,,,,,,22.2204,114.2127
2025-07-21T18:00,28.6,28.8,27.3,28.5,27.9,27.8,28.4,27.5,28.1,28.8,28.4,28.1,28.5,28.2,29.6,28.5,28.6,28.3,27.9,28.4,28.3,28.7,28.1,30.3,28.2,27.6,28.8,28.9,27.7,27.9,29.7,28.5,27.6,27.4,27.7,28.6,29.2,27.7,27.9,28.9,87,89,90,89,89,89,86,91,90,86,86,88,90,90,84,87,87,90,89,88,88,86,87,82,89,91,88,88,89,91,83,87,90,91,92,90,86,92,92,87,1.2,2,0.4,0.3,0.2,1.5,0.1,1,1.3,1.5,0.5,0.4,1.7,1.1,0.3,1.2,1.2,1.5,0.3,1.6,1.1,0.8,0,0.1,0.9,1.1,0.1,1.9,1.9,4,0.1,1.2,0.3,0.5,1.3,1.3,1.1,1.8,0.2,0.1,24.4,17.3,14.3,16.9,9.8,5.5,13.7,8.7,20.7,13.2,12.3,21.6,28.6,13.7,25.8,12.2,16.5,11.1,3,18.2,13.8,22.4,17.7,19.6,22.5,14.3,14.5,13.6,21,26.7,23.4,11.8,18.1,16.7,11.4,22.4,23.1,18,20.9,25.1,,,,,,,,,,,,,,,,,,,,,,,,,,,,,,,,,,,,,,,,,30.7,32.1,29.8,31.5,29,31,30.5,29.5,30.1,30.5,30.9,30.5,31.1,29.5,31.7,30.9,29.8,31.3,29.9,31.1,29.9,31.6,28.8,30.1,29,30.2,30.5,30.2,31.8,28.8,29.8,71,65,74,68,77,68,72,74,72,71,73,70,69,75,65,68,76,68,76,71,75,67,75,74,81,73,70,73,67,82,74,0.4,0.4,0.2,0,0.2,0,0,0.1,1.3,0.2,1.8,0,0.3,0.5,0.1,1.1,0.2,0,0.8,1.9,0.6,0.2,0.9,0.4,0.5,0.1,0.4,2.2,0.1,4,0.1,23.9,16.9,24.4,25.3,23,17.7,13.7,40.6,23,16.5,21.1,25.9,19.8,17.3,16.8,25.9,20.9,16.2,33.4,17.7,31.7,17.6,37.4,20.6,18,31.1,13.1,15.6,11.5,17.1,26.3,31,22,35.6,33.1,32,23.8,16.2,59,30.2,22,26.3,33.5,24.8,25.6,22.3,33.5,28.4,22,47.9,25.6,42.8,21.2,51.1,29.2,28.1,44.3,16.9,22.3,16.6,28.1,34.9,,,,,,,,,,,,,,,,,,,,,,,,,,,,,,,,,,,,,,,,,,,,,,,,,,,,,,,,,,,,,,,,,,,,,,,,,,,,,,,,,,,,,,,,,,,,,,,,,,,,,,,,,,,,,,,,,,,,,,,,,,,,,,,,,,,,,,,,,,,,,,,,,,,,,,,,,,,,,,,,,,,,,,,,,,,,,,,,,,,,,,,,,,,,,,,,,,,,,,,,,,,,,,,,,,,,,,,,,,,,,,,,,,,,,,,,,,,,,,,,,,,,,,,,,,,,,,,,22.2204,114.2127
2025-07-21T19:00,28.5,28.7,27.3,28.3,27.7,27.6,28.1,27.6,27.9,28.4,28.1,28.1,28.5,28,29.3,28.1,28.5,28,27.7,28.2,28.2,28.3,28.3,30.2,28.2,27.4,28.6,28.6,27.7,27.7,29.5,28.3,27.5,27.3,27.5,28.6,28.9,27.6,27.9,28.8,87,89,91,90,89,90,87,90,91,88,87,88,90,90,85,89,87,90,89,88,89,89,87,82,89,92,89,88,89,92,84,88,89,91,93,90,87,92,92,87,1.2,2,0.4,0.3,0.2,1.5,0.1,1,1.3,1.5,0.5,0.4,1.7,1.1,0.3,1.2,1.2,1.5,0.3,1.6,1.1,0.8,0,0.1,0.9,1.1,0.1,1.9,1.9,4,0.1,1.2,0.3,0.5,1.3,1.3,1.1,1.8,0.2,0.1,23.1,16.2,14,16.5,9.4,4.8,11.9,8.8,20.1,11,10.5,20.9,28.4,12.2,25,10.7,15.2,10.8,2.9,17.7,14.2,21,16.8,18.2,22.1,13.7,13.7,13.7,20.7,26.2,21.9,11.6,18.2,15.9,11.8,22.1,22.8,16.6,21.1,24.7,,,,,,,,,,,,,,,,,,,,,,,,,,,,,,,,,,,,,,,,,30.4,31.4,29.5,30.8,28.9,30.4,30,29.2,29.8,30.1,30.2,30.1,30.7,29.2,31.2,30.4,29.5,30.9,29.6,29.6,29.5,31.1,28.9,29.7,29,29.8,30.1,29.8,31.1,28.3,29.5,72,69,75,71,77,72,75,75,73,73,77,72,72,76,67,70,76,70,78,78,77,69,76,74,82,75,71,75,70,84,75,0.4,0.4,0.2,0,0.2,0,0,0.1,1.3,0.2,1.8,0,0.3,0.5,0.1,1.1,0.2,0,0.8,1.9,0.6,0.2,0.9,0.4,0.5,0.1,0.4,2.2,0.1,4,0.1,20.5,14.7,22.5,25.1,23.7,20.7,16.9,39.5,21.9,19.5,18.5,23.4,18,15.4,14,24.1,19.2,15,31.4,22.2,29.5,15,35.3,20,16.3,29.9,13.2,14.7,9.9,16.8,24.7,28.4,20.5,35.3,36.7,32.8,28.4,19.1,57.6,30.2,27,25.2,32.4,25.6,22.3,19.8,31.7,26.6,20.2,45.4,29.5,39.6,19.8,49,29.5,26.3,45,17.3,21.6,15.8,28.1,33.1,,,,,,,,,,,,,,,,,,,,,,,,,,,,,,,,,,,,,,,,,,,,,,,,,,,,,,,,,,,,,,,,,,,,,,,,,,,,,,,,,,,,,,,,,,,,,,,,,,,,,,,,,,,,,,,,,,,,,,,,,,,,,,,,,,,,,,,,,,,,,,,,,,,,,,,,,,,,,,,,,,,,,,,,,,,,,,,,,,,,,,,,,,,,,,,,,,,,,,,,,,,,,,,,,,,,,,,,,,,,,,,,,,,,,,,,,,,,,,,,,,,,,,,,,,,,,,,,22.2204,114.2127
2025-07-21T20:00,28.4,28.6,27.2,28.2,27.5,27.5,27.9,27.6,27.8,28.1,27.9,28,28.5,27.9,29.1,27.9,28.4,27.8,27.6,28,28.1,28,28.3,30,28.2,27.3,28.4,28.4,27.7,27.6,29.3,28.1,27.4,27.2,27.5,28.5,28.7,27.6,27.8,28.8,87,89,91,91,90,90,88,90,91,90,88,88,90,91,86,90,87,91,90,89,89,90,86,82,89,92,90,89,89,93,85,89,89,91,93,90,88,92,92,87,1.2,2,0.4,0.3,0.2,1.5,0.1,1,1.3,1.5,0.5,0.4,1.7,1.1,0.3,1.2,1.2,1.5,0.3,1.6,1.1,0.8,0,0.1,0.9,1.1,0.1,1.9,1.9,4,0.1,1.2,0.3,0.5,1.3,1.3,1.1,1.8,0.2,0.1,21.9,15.4,13.8,16.2,9.1,4.7,10.5,8.7,19.6,9.4,9.4,20.6,28,11.2,24.2,9.6,14.4,11,3.3,17.5,14.5,19.7,16.5,17.5,21.9,13.6,13,13.8,20.8,25.7,21.1,11,18.1,15.1,11.6,21.3,22.8,15.9,21.3,24.3,,,,,,,,,,,,,,,,,,,,,,,,,,,,,,,,,,,,,,,,,30,30.7,29.2,30.2,28.8,29.9,29.6,29.1,29.5,29.7,29.7,29.9,30.3,29,30.9,30,29.4,30.5,29.4,28.6,29.2,30.7,28.9,29.4,28.9,29.4,29.9,29.4,30.6,28,29.3,74,72,76,74,77,74,78,75,73,75,79,73,74,77,69,72,76,72,80,83,78,70,76,75,82,77,72,76,73,86,76,0.4,0.4,0.2,0,0.2,0,0,0.1,1.3,0.2,1.8,0,0.3,0.5,0.1,1.1,0.2,0,0.8,1.9,0.6,0.2,0.9,0.4,0.5,0.1,0.4,2.2,0.1,4,0.1,18.2,14.6,21.3,24.6,23.9,23.6,19.1,37.2,21.4,22,16.1,21.6,17,15.4,11.5,23,17.9,13.8,30.1,26.1,27.2,14,34,20.3,15.6,28.9,13,14.5,9.1,17.4,23.7,27,19.4,34.6,39.2,33.5,32.8,21.2,55.1,31,31.7,24.1,32,25.9,21.2,17.3,31,25.9,18.7,43.6,31.7,36.4,19.4,47.9,30.2,25.6,44.3,17.3,21.6,15.5,28.1,31.3,,,,,,,,,,,,,,,,,,,,,,,,,,,,,,,,,,,,,,,,,,,,,,,,,,,,,,,,,,,,,,,,,,,,,,,,,,,,,,,,,,,,,,,,,,,,,,,,,,,,,,,,,,,,,,,,,,,,,,,,,,,,,,,,,,,,,,,,,,,,,,,,,,,,,,,,,,,,,,,,,,,,,,,,,,,,,,,,,,,,,,,,,,,,,,,,,,,,,,,,,,,,,,,,,,,,,,,,,,,,,,,,,,,,,,,,,,,,,,,,,,,,,,,,,,,,,,,,22.2204,114.2127
2025-07-21T21:00,28.3,28.6,27.2,28.2,27.4,27.5,27.7,27.6,27.7,27.9,27.8,28,28.5,27.8,29.1,27.7,28.4,27.7,27.6,27.9,28.1,27.8,28.3,29.8,28.2,27.3,28.3,28.2,27.6,27.6,29.2,28,27.3,27.2,27.5,28.4,28.7,27.6,27.8,28.7,87,89,91,91,90,90,89,90,91,91,88,88,90,91,87,91,87,91,90,89,89,90,86,83,89,92,90,89,89,93,86,89,89,91,93,90,88,92,92,87,1.6,1.6,1.6,0.2,0.8,2.1,0,1.2,1.3,2.7,0.4,0.9,2.1,0.8,0.2,1.7,0.8,1.2,1.8,1.1,2.1,0.3,0.9,0.3,1.1,1.9,0.2,2.1,3.1,0.7,0.4,0.9,0.7,1.2,2.4,1,0.5,2.3,0.1,0.2,21.1,14.8,13.8,16,8.8,4.7,9.4,8.7,18.8,8.7,9.1,20.5,27.1,10.8,23.5,9.1,14.2,11.3,4,17.5,14.7,18.8,16.5,17.3,21.6,13.7,12.8,14,20.9,25.3,21.1,10.2,18.4,14.5,10.6,20.2,22.6,15.5,21.3,24.3,,,,,,,,,,,,,,,,,,,,,,,,,,,,,,,,,,,,,,,,,29.9,30.2,29.1,29.9,28.9,29.6,29.2,29,29.4,29.5,29.5,29.7,30.1,29,30.5,29.6,29.2,30.4,29.3,28.2,29.1,30.5,29,29.2,28.9,29.2,29.8,29.2,30.4,28,29.2,76,74,77,76,77,75,80,75,73,76,80,74,76,77,71,74,77,73,80,85,79,71,76,76,82,78,72,76,75,86,77,1,1.3,0.2,0,0.1,0.3,0.4,0.2,1.3,0.1,3.4,0.1,0.8,0.8,0.3,0.6,0.8,0,1.8,6.2,1,0.2,0.6,0.5,3.8,0.7,0.1,1.3,1.9,1.4,0.4,17.9,14.5,20.5,23.7,23,25.6,19.5,33.6,22,23.8,14.8,22.4,16.3,16.6,9.3,23.2,17.6,12.6,29.8,23.9,25.1,15.5,34.6,20.2,15.6,27.5,11.3,13.8,9.6,17.7,22.2,27.7,19.8,33.8,39.2,33.5,36.7,22.3,50.8,32.8,35.3,22.7,33.1,25.6,23.4,15.1,32,26.6,17.6,42.8,29.5,34.2,22,50,30.6,26.3,41.4,15.8,21.2,15.8,28.4,29.9,,,,,,,,,,,,,,,,,,,,,,,,,,,,,,,,,,,,,,,,,,,,,,,,,,,,,,,,,,,,,,,,,,,,,,,,,,,,,,,,,,,,,,,,,,,,,,,,,,,,,,,,,,,,,,,,,,,,,,,,,,,,,,,,,,,,,,,,,,,,,,,,,,,,,,,,,,,,,,,,,,,,,,,,,,,,,,,,,,,,,,,,,,,,,,,,,,,,,,,,,,,,,,,,,,,,,,,,,,,,,,,,,,,,,,,,,,,,,,,,,,,,,,,,,,,,,,,,22.2204,114.2127
2025-07-21T22:00,28.2,28.5,27.3,28.3,27.3,27.4,27.6,27.5,27.6,27.7,27.8,27.9,28.4,27.7,29,27.5,28.3,27.6,27.6,27.9,28.1,27.7,28.3,29.6,28.2,27.3,28.2,28.1,27.6,27.5,29.2,27.8,27.3,27.2,27.7,28.3,28.7,27.6,27.8,28.7,87,89,92,91,91,90,90,91,91,92,89,89,90,92,87,91,87,92,90,90,89,90,86,84,89,92,90,89,90,94,86,90,90,91,93,90,88,92,93,88,1.6,1.6,1.6,0.2,0.8,2.1,0,1.2,1.3,2.7,0.4,0.9,2.1,0.8,0.2,1.7,0.8,1.2,1.8,1.1,2.1,0.3,0.9,0.3,1.1,1.9,0.2,2.1,3.1,0.7,0.4,0.9,0.7,1.2,2.4,1,0.5,2.3,0.1,0.2,20.5,14.2,14.4,15.8,8,5,8.3,8.5,18.5,8.2,9.3,20.3,26,11.2,23.2,8.6,14.7,11.6,4.9,17.8,14.8,18.1,16.9,17.6,21.6,14,12.8,13.9,21.2,24.2,21.5,9.2,18.7,14.2,9.2,18.8,22.6,15.9,21.9,24,,,,,,,,,,,,,,,,,,,,,,,,,,,,,,,,,,,,,,,,,29.7,29.9,29,29.5,29,29.3,28.9,28.9,29.3,29.2,29.4,29.6,30,29,30.4,29.4,29.1,30.2,29.2,28.2,29,30.5,29.1,29.1,28.8,29.1,29.7,29.1,30.1,28.3,29.2,78,74,78,79,78,76,81,76,74,77,80,75,78,78,73,75,77,74,79,85,79,71,76,76,81,79,73,76,77,85,77,1,1.3,0.2,0,0.1,0.3,0.4,0.2,1.3,0.1,3.4,0.1,0.8,0.8,0.3,0.6,0.8,0,1.8,6.2,1,0.2,0.6,0.5,3.8,0.7,0.1,1.3,1.9,1.4,0.4,18.7,14.3,20.2,22.4,22.1,27,18.8,29.6,23,25.2,13.8,24.3,16.1,17.8,7.9,23.9,17.9,11.8,29.7,19.1,23.3,18,36.2,19.9,16.1,25.7,9.4,12.7,10.9,18,20.9,29.2,21.2,32.8,38.2,33.1,40.7,23,45.7,35.3,38.2,20.9,34.6,24.5,27.4,13.3,33.8,28.1,16.9,42.8,25.6,32.8,25.9,53.6,30.6,27.7,37.1,14,21.2,16.9,28.8,29.2,,,,,,,,,,,,,,,,,,,,,,,,,,,,,,,,,,,,,,,,,,,,,,,,,,,,,,,,,,,,,,,,,,,,,,,,,,,,,,,,,,,,,,,,,,,,,,,,,,,,,,,,,,,,,,,,,,,,,,,,,,,,,,,,,,,,,,,,,,,,,,,,,,,,,,,,,,,,,,,,,,,,,,,,,,,,,,,,,,,,,,,,,,,,,,,,,,,,,,,,,,,,,,,,,,,,,,,,,,,,,,,,,,,,,,,,,,,,,,,,,,,,,,,,,,,,,,,,22.2204,114.2127
2025-07-21T23:00,28.1,28.4,27.3,28.3,27.3,27.3,27.6,27.3,27.6,27.6,27.8,27.8,28.4,27.6,29.1,27.4,28.3,27.6,27.7,27.9,28.1,27.6,28.3,29.3,28.1,27.3,28.1,28.1,27.5,27.5,29.2,27.7,27.3,27.1,27.9,28.1,28.8,27.6,27.8,28.7,88,89,92,91,91,90,91,91,91,92,89,89,90,92,87,92,88,92,91,90,89,89,86,86,89,92,90,89,91,94,87,90,90,91,92,89,88,92,93,88,1.6,1.6,1.6,0.2,0.8,2.1,0,1.2,1.3,2.7,0.4,0.9,2.1,0.8,0.2,1.7,0.8,1.2,1.8,1.1,2.1,0.3,0.9,0.3,1.1,1.9,0.2,2.1,3.1,0.7,0.4,0.9,0.7,1.2,2.4,1,0.5,2.3,0.1,0.2,19.8,13.6,14.7,15.7,7.9,5,7.6,8.3,17.8,8,9.6,20.1,24.8,11.5,23,8,15.2,12.3,5.7,18.1,15.5,17.7,17.4,18.1,21.6,14.6,13,14,21.1,23.4,22.2,8.2,19.3,14,8.4,17.7,22.5,16.2,22.2,24,,,,,,,,,,,,,,,,,,,,,,,,,,,,,,,,,,,,,,,,,29.5,29.6,29,29.3,29.1,29.1,28.6,28.9,29.2,29,29.2,29.5,29.8,28.9,30.1,29.1,29,30.1,29.2,28.2,29,30.3,29.1,29,28.8,28.9,29.6,29.1,29.9,28.4,29.1,79,75,79,80,78,76,82,76,74,78,80,75,79,78,74,76,78,75,79,84,79,72,76,77,81,80,73,76,78,84,77,1,1.3,0.2,0,0.1,0.3,0.4,0.2,1.3,0.1,3.4,0.1,0.8,0.8,0.3,0.6,0.8,0,1.8,6.2,1,0.2,0.6,0.5,3.8,0.7,0.1,1.3,1.9,1.4,0.4,19.5,14.5,20.2,20.9,20.9,27.7,17.7,26.1,23.6,25.6,13,25.5,15.8,18.8,6.7,24.5,17.8,10.7,30.3,15.5,21.9,19.9,37.2,19.6,16.6,22.7,8.9,13,11.5,18.3,19.6,30.6,21.6,31.7,36.7,32.8,42.5,23.4,41,36,39.6,19.4,35.3,23.4,30.2,11.9,35.3,28.8,15.8,43.2,22.3,31.7,29.2,56.2,30.6,28.8,34.2,14,22.7,16.9,29.2,28.4,,,,,,,,,,,,,,,,,,,,,,,,,,,,,,,,,,,,,,,,,,,,,,,,,,,,,,,,,,,,,,,,,,,,,,,,,,,,,,,,,,,,,,,,,,,,,,,,,,,,,,,,,,,,,,,,,,,,,,,,,,,,,,,,,,,,,,,,,,,,,,,,,,,,,,,,,,,,,,,,,,,,,,,,,,,,,,,,,,,,,,,,,,,,,,,,,,,,,,,,,,,,,,,,,,,,,,,,,,,,,,,,,,,,,,,,,,,,,,,,,,,,,,,,,,,,,,,,22.2204,114.2127
2025-07-22T00:00,28,28.3,27.4,28.4,27.2,27.3,27.5,27.2,27.6,27.5,27.8,27.8,28.3,27.6,29.1,27.3,28.3,27.6,27.8,27.8,28.1,27.5,28.2,29,28.1,27.3,28.1,28,27.4,27.5,29.2,27.6,27.3,27.1,28.1,28,28.9,27.5,27.8,28.7,88,89,92,91,91,90,91,92,91,92,89,89,90,92,87,92,88,92,91,90,89,88,86,88,89,91,90,89,91,94,87,90,91,91,92,89,88,92,93,88,1.6,1.6,1.6,0.2,0.8,2.1,0,1.2,1.3,2.7,0.4,0.9,2.1,0.8,0.2,1.7,0.8,1.2,1.8,1.1,2.1,0.3,0.9,0.3,1.1,1.9,0.2,2.1,3.1,0.7,0.4,0.9,0.7,1.2,2.4,1,0.5,2.3,0.1,0.2,19.4,13.3,14.9,15.6,7.3,5.5,6.5,8.4,17.1,8,10.3,19.9,23.6,11.9,22.4,8,16.1,12.8,6.8,18.3,15.4,17.1,18.3,18.6,21.6,15.2,13,13.9,21.4,22.6,23.3,7.2,19.4,13.9,9,16.3,22.6,16.6,22.4,23.7,,,,,,,,,,,,,,,,,,,,,,,,,,,,,,,,,,,,,,,,,29.1,29.5,28.9,29.2,29.1,29,28.5,28.8,29.2,28.9,29,29.3,29.5,28.9,29.9,29.1,29,30,29.1,28.4,28.8,30,29.1,29,28.6,28.4,29.5,29,29.8,28.2,29,80,75,80,80,78,76,82,76,75,79,80,75,79,78,75,76,79,75,79,83,80,73,77,78,81,83,74,76,79,84,77,1.8,0.8,0.2,0,0.1,0.5,0.2,0.1,0.8,0.1,2.9,0.2,2,0.3,0.5,0.2,2.2,0.5,1.7,0.2,1,0,1.8,0.3,3.1,4.7,0.1,1.6,0.4,1.6,0.7,19.7,13.2,19.5,19.4,20.5,27.4,17.2,22.8,22.4,25.3,12.8,24.4,15.4,19.1,5.7,24.6,17.3,9.7,31.1,14.3,21.1,20.9,37.7,18.6,16.8,19.1,10.7,16.4,10.5,17.9,18.5,32,19.4,30.6,35.3,32.8,41.4,23.8,38.2,33.8,39.6,18.7,34.6,22.7,30.6,11.5,35.6,27.4,14.8,44.6,20.9,31,30.6,56.2,29.5,29.2,33.8,18,27.4,15.1,29.2,28.4,,,,,,,,,,,,,,,,,,,,,,,,,,,,,,,,,,,,,,,,,,,,,,,,,,,,,,,,,,,,,,,,,,,,,,,,,,,,,,,,,,,,,,,,,,,,,,,,,,,,,,,,,,,,,,,,,,,,,,,,,,,,,,,,,,,,,,,,,,,,,,,,,,,,,,,,,,,,,,,,,,,,,,,,,,,,,,,,,,,,,,,,,,,,,,,,,,,,,,,,,,,,,,,,,,,,,,,,,,,,,,,,,,,,,,,,,,,,,,,,,,,,,,,,,,,,,,,,22.2204,114.2127
2025-07-22T01:00,28,28.3,27.4,28.5,27.2,27.2,27.5,27.1,27.6,27.5,27.8,27.7,28.3,27.5,29.2,27.2,28.3,27.6,27.9,27.8,28.1,27.5,28.2,28.8,28.1,27.3,28,28,27.4,27.5,29.2,27.5,27.3,27.1,28.3,27.9,29,27.5,27.8,28.6,88,89,92,90,92,90,92,92,90,92,88,90,90,92,87,92,88,92,90,90,89,88,87,89,89,91,90,89,92,93,87,90,92,91,91,88,87,92,93,89,1.6,1.6,1.6,0.2,0.8,2.1,0,1.2,1.3,2.7,0.4,0.9,2.1,0.8,0.2,1.7,0.8,1.2,1.8,1.1,2.1,0.3,0.9,0.3,1.1,1.9,0.2,2.1,3.1,0.7,0.4,0.9,0.7,1.2,2.4,1,0.5,2.3,0.1,0.2,19,12.7,15.2,15.8,7.1,6,6.1,8,16.9,8.1,11.1,19.8,22.2,12.3,21.9,7.6,17.1,13.2,7.6,18.6,15.8,16.7,19.1,19.1,21.6,15.7,13.3,14.1,21.7,21.6,24,6.4,20,13.7,10.4,15,22.5,17.3,22.9,23.4,,,,,,,,,,,,,,,,,,,,,,,,,,,,,,,,,,,,,,,,,28.6,29.3,28.8,29.1,29,28.9,28.6,28.8,29.3,28.6,28.9,29.1,29.3,28.9,29.7,29.2,28.9,29.8,29.1,28.5,28.5,29.7,28.9,28.8,28.5,27.6,29.4,29,29.6,28,28.9,81,75,80,80,78,77,82,76,76,80,81,75,79,79,76,75,80,76,80,80,81,73,78,78,81,88,75,76,80,85,76,1.8,0.8,0.2,0,0.1,0.5,0.2,0.1,0.8,0.1,2.9,0.2,2,0.3,0.5,0.2,2.2,0.5,1.7,0.2,1,0,1.8,0.3,3.1,4.7,0.1,1.6,0.4,1.6,0.7,21.4,11.2,19.1,17.6,20.5,25.9,16.6,19.8,19.9,24.1,12.6,22.5,14.9,19,5,24.1,16.4,8.8,32.4,14,20.4,20.8,37.4,17.5,16.8,19.8,13.6,21.7,9,17,18.1,33.1,16.6,29.5,33.1,32.4,38.9,23.8,36,30.2,38.2,18.4,32.8,22,29.9,11.5,35.6,25.2,14,46.8,20.2,31,31,55.1,28.1,29.2,34.9,23.8,33.8,12.6,29.2,29.2,,,,,,,,,,,,,,,,,,,,,,,,,,,,,,,,,,,,,,,,,,,,,,,,,,,,,,,,,,,,,,,,,,,,,,,,,,,,,,,,,,,,,,,,,,,,,,,,,,,,,,,,,,,,,,,,,,,,,,,,,,,,,,,,,,,,,,,,,,,,,,,,,,,,,,,,,,,,,,,,,,,,,,,,,,,,,,,,,,,,,,,,,,,,,,,,,,,,,,,,,,,,,,,,,,,,,,,,,,,,,,,,,,,,,,,,,,,,,,,,,,,,,,,,,,,,,,,,22.2204,114.2127
2025-07-22T02:00,27.9,28.2,27.4,28.6,27.2,27.2,27.4,27,27.7,27.4,27.9,27.7,28.4,27.5,29.2,27.2,28.3,27.6,28,27.8,28.1,27.3,28.2,28.6,28.2,27.3,28,27.9,27.3,27.6,29.3,27.5,27.3,27.1,28.5,27.9,29,27.5,27.8,28.6,88,89,92,90,92,90,92,92,90,92,88,90,90,92,87,92,88,92,90,90,89,88,87,90,89,91,90,89,92,93,87,90,92,91,91,88,87,92,93,89,1.6,1.6,1.6,0.2,0.8,2.1,0,1.2,1.3,2.7,0.4,0.9,2.1,0.8,0.2,1.7,0.8,1.2,1.8,1.1,2.1,0.3,0.9,0.3,1.1,1.9,0.2,2.1,3.1,0.7,0.4,0.9,0.7,1.2,2.4,1,0.5,2.3,0.1,0.2,18.7,12.5,15.2,15.8,6.8,6,5.4,8.2,16.6,8.1,11.5,19.7,21.9,12.7,21.1,7.6,17.7,13.6,8.4,18.5,15.5,16,19.7,19.3,21.3,15.9,13.7,14,21.9,20.8,24.7,6,20.3,14,11.5,14.3,21.9,18,23.2,23.1,,,,,,,,,,,,,,,,,,,,,,,,,,,,,,,,,,,,,,,,,28.4,29.2,28.6,29.1,28.9,28.8,28.6,28.8,29.3,28.5,28.8,29,29.1,28.8,29.5,29.2,28.8,29.6,29,28.6,28.4,29.4,28.8,28.7,28.5,27.1,29.3,29,29.5,27.8,28.7,81,75,80,79,78,77,82,76,76,80,81,75,79,79,76,75,80,76,80,79,81,74,79,79,81,90,76,76,81,85,76,1.8,0.8,0.2,0,0.1,0.5,0.2,0.1,0.8,0.1,2.9,0.2,2,0.3,0.5,0.2,2.2,0.5,1.7,0.2,1,0,1.8,0.3,3.1,4.7,0.1,1.6,0.4,1.6,0.7,23.4,9.7,18.7,15.8,20.2,24.5,16.1,17.2,17.4,23,12.2,20.7,13.8,19,5.1,23.6,15.8,8.1,32.8,13.8,19.9,20.5,36.7,17,16.3,22.8,15.7,26,7.8,16.4,17.4,33.8,14.4,29.2,30.2,31.7,36.4,23.4,33.5,26.3,36.4,18,31,20.5,29.5,11.9,35.3,23.8,13,47.9,19.8,31,31,53.3,27.4,28.8,34.9,27.7,39.2,11.2,28.8,28.8,,,,,,,,,,,,,,,,,,,,,,,,,,,,,,,,,,,,,,,,,,,,,,,,,,,,,,,,,,,,,,,,,,,,,,,,,,,,,,,,,,,,,,,,,,,,,,,,,,,,,,,,,,,,,,,,,,,,,,,,,,,,,,,,,,,,,,,,,,,,,,,,,,,,,,,,,,,,,,,,,,,,,,,,,,,,,,,,,,,,,,,,,,,,,,,,,,,,,,,,,,,,,,,,,,,,,,,,,,,,,,,,,,,,,,,,,,,,,,,,,,,,,,,,,,,,,,,,22.2204,114.2127
2025-07-22T03:00,27.9,28.2,27.4,28.7,27.2,27.1,27.3,27.1,27.7,27.4,28,27.7,28.5,27.5,29.2,27.1,28.3,27.7,28,27.8,28.1,27.1,28.2,28.6,28.2,27.3,28,27.9,27.3,27.6,29.4,27.5,27.4,27.1,28.5,27.8,29.1,27.5,27.8,28.6,88,89,92,89,92,90,92,92,90,92,88,90,90,92,87,92,88,92,89,90,89,89,87,90,89,91,90,89,92,93,87,90,92,91,91,88,87,92,93,89,1.4,1,0.5,0.1,1.1,2.6,0.2,0.9,2.3,1.9,0.3,1.3,0.9,0.6,0.6,1.6,1.6,1.3,1.7,2.5,1.7,0.9,1.1,0.1,0.5,0.7,1.5,3.1,1.4,0,0.2,0.2,0.7,1.7,2.2,0.7,0.6,1.1,0.7,0.4,18.3,12,14.7,16.2,6.4,6,5.1,8.3,16.7,7.9,11.4,19.4,21.9,12.7,20,7.2,18.4,13.6,8.9,18.1,14.7,15.1,19.7,19.3,21.2,15.5,13.7,14,22.1,20,25.4,6,20.5,14.7,11.8,13.8,20.8,18.8,23.2,22.4,,,,,,,,,,,,,,,,,,,,,,,,,,,,,,,,,,,,,,,,,28.3,29.1,28.5,29,28.8,28.7,28.6,28.6,29.1,28.3,28.8,29,29,28.6,29.3,29.1,28.8,29.4,29,28.6,28.4,29,28.8,28.6,28.4,27.1,29.2,29,29.2,27.8,28.5,81,75,80,79,78,78,82,77,76,80,81,75,79,80,76,75,80,77,80,79,80,76,79,79,81,89,76,76,81,85,76,0.6,2,0.4,0,0.3,0.5,0.8,0,0.7,0.1,2.4,0.1,3.2,0.6,0.2,0.2,0.1,0.8,0.7,1.3,1.4,0.2,1.6,0.6,1.8,3.8,0.1,1.2,1.6,2.9,0.6,23.4,9.2,18.6,13.7,18.4,22.7,15.3,14.6,14.3,21.3,11.5,19.4,10.8,18.5,6.1,23.2,14,7.4,31.9,13.5,19.2,19.6,35,17.3,14.9,22.3,15.5,28.5,7.8,16.6,15.9,33.8,14,29.5,25.6,29.9,34.6,22.3,29.9,22,33.8,17.3,28.8,17.3,29.5,12.6,34.9,23.8,11.9,46.8,19.1,31,30.6,51.1,28.1,27.4,33.1,28.4,42.5,12.2,28.1,27.4,,,,,,,,,,,,,,,,,,,,,,,,,,,,,,,,,,,,,,,,,,,,,,,,,,,,,,,,,,,,,,,,,,,,,,,,,,,,,,,,,,,,,,,,,,,,,,,,,,,,,,,,,,,,,,,,,,,,,,,,,,,,,,,,,,,,,,,,,,,,,,,,,,,,,,,,,,,,,,,,,,,,,,,,,,,,,,,,,,,,,,,,,,,,,,,,,,,,,,,,,,,,,,,,,,,,,,,,,,,,,,,,,,,,,,,,,,,,,,,,,,,,,,,,,,,,,,,,22.2204,114.2127
2025-07-22T04:00,27.9,28.2,27.3,28.8,27.1,27,27.2,27.1,27.8,27.4,28.1,27.7,28.6,27.5,29.1,27.1,28.3,27.7,28.1,27.8,28.1,26.8,28.1,28.6,28.3,27.3,28,27.9,27.3,27.7,29.6,27.5,27.5,27.1,28.6,27.8,29.1,27.5,27.8,28.5,88,89,92,89,92,91,92,91,90,92,87,90,89,92,87,92,88,92,89,90,89,90,88,90,89,91,90,89,92,92,86,90,92,91,90,88,86,92,92,90,1.4,1,0.5,0.1,1.1,2.6,0.2,0.9,2.3,1.9,0.3,1.3,0.9,0.6,0.6,1.6,1.6,1.3,1.7,2.5,1.7,0.9,1.1,0.1,0.5,0.7,1.5,3.1,1.4,0,0.2,0.2,0.7,1.7,2.2,0.7,0.6,1.1,0.7,0.4,17.8,11.8,14.4,17,6.4,6,4.3,8.6,17.1,8.2,11.3,19,22.7,12.7,18.4,7.3,18.7,13.2,9.4,17.8,13.7,14.3,19.7,18.9,20.6,14.5,13.7,14.3,22.4,18.7,26.1,6.3,20.7,15.3,11.5,13.6,19.5,19.5,23.3,21.3,,,,,,,,,,,,,,,,,,,,,,,,,,,,,,,,,,,,,,,,,28.4,29,28.5,28.8,28.5,28.6,28.6,28.5,28.8,28.2,28.8,29,28.9,28.5,29.1,29,28.8,29.1,29,28.5,28.4,28.5,28.8,28.5,28.4,27.3,29.1,29,29,27.9,28.5,80,75,80,79,79,78,81,78,76,80,81,76,78,81,77,76,80,79,80,80,78,78,80,79,82,86,76,76,80,84,77,0.6,2,0.4,0,0.3,0.5,0.8,0,0.7,0.1,2.4,0.1,3.2,0.6,0.2,0.2,0.1,0.8,0.7,1.3,1.4,0.2,1.6,0.6,1.8,3.8,0.1,1.2,1.6,2.9,0.6,22.1,9.4,18.3,11.4,15.5,21,14.5,12.1,11,19.7,10.5,18.5,7.6,17.9,7.4,22.4,13.6,6.4,31,13.3,19.3,18.7,32.6,18.4,14.1,18.9,14.3,30.7,9.3,16.7,13.7,33.1,14.8,30.2,19.8,27.4,33.1,21.2,25.6,16.9,31.3,16.2,26.3,13.3,29.5,13.7,34.6,24.8,10.8,44.6,18.7,31,30.2,48.2,29.9,25.6,30.2,27.7,45,14.4,27.4,24.8,,,,,,,,,,,,,,,,,,,,,,,,,,,,,,,,,,,,,,,,,,,,,,,,,,,,,,,,,,,,,,,,,,,,,,,,,,,,,,,,,,,,,,,,,,,,,,,,,,,,,,,,,,,,,,,,,,,,,,,,,,,,,,,,,,,,,,,,,,,,,,,,,,,,,,,,,,,,,,,,,,,,,,,,,,,,,,,,,,,,,,,,,,,,,,,,,,,,,,,,,,,,,,,,,,,,,,,,,,,,,,,,,,,,,,,,,,,,,,,,,,,,,,,,,,,,,,,,22.2204,114.2127
2025-07-22T05:00,28,28.2,27.2,28.9,27.2,26.9,27.1,27.2,27.9,27.4,28.3,27.7,28.7,27.6,29.1,27.2,28.2,27.8,28.2,27.8,28.1,26.5,28.1,28.7,28.4,27.3,28,27.9,27.2,27.8,29.8,27.6,27.6,27.1,28.6,27.8,29.2,27.5,27.8,28.4,88,89,91,88,93,92,92,91,90,92,87,90,89,91,88,91,88,92,88,90,89,92,89,89,89,91,90,89,92,91,85,90,91,92,90,88,86,92,92,90,1.4,1,0.5,0.1,1.1,2.6,0.2,0.9,2.3,1.9,0.3,1.3,0.9,0.6,0.6,1.6,1.6,1.3,1.7,2.5,1.7,0.9,1.1,0.1,0.5,0.7,1.5,3.1,1.4,0,0.2,0.2,0.7,1.7,2.2,0.7,0.6,1.1,0.7,0.4,17.6,11.4,13.9,17.8,6,6,4.3,8.8,17.6,8.2,11.2,18.7,23.6,12.7,16.4,6.9,19.4,12.6,9.8,17.1,12.4,13,19.4,18.4,20.2,13.4,14.2,14.3,22.7,17.7,26.8,6.7,20.6,16.2,10.9,13.6,18.2,20.7,23.5,20.2,,,,,,,,,,,,,,,,,,,,,,,,,,,,,,,,,,,,,,,,,28.5,28.9,28.4,28.8,28.5,28.6,28.6,28.5,28.6,28.2,28.7,29,28.9,28.4,29,29,28.8,29,29,28.4,28.5,28.1,28.9,28.5,28.5,27.6,29.1,29,28.8,27.9,28.4,79,75,80,79,79,78,80,78,75,79,81,76,78,81,77,76,79,79,79,80,77,79,79,79,81,83,76,76,79,84,77,0.6,2,0.4,0,0.3,0.5,0.8,0,0.7,0.1,2.4,0.1,3.2,0.6,0.2,0.2,0.1,0.8,0.7,1.3,1.4,0.2,1.6,0.6,1.8,3.8,0.1,1.2,1.6,2.9,0.6,21.1,9.7,18.8,9.7,13.8,19.7,14.6,9.7,9.3,18.2,9.8,16.7,4.7,17.9,9,21.6,14.6,5.6,28.9,12.9,19.9,17.8,31.5,19.1,15.1,16.2,12.5,32.7,11.2,16.4,12.4,32.4,15.5,31.3,15.8,25.2,31.7,21.2,20.9,14,29.2,15.1,23.8,10.1,30.2,14.4,33.8,25.9,9.7,41.8,18.7,30.6,29.2,46.4,31.7,25.2,28.4,25.6,46.8,16.6,26.6,23,,,,,,,,,,,,,,,,,,,,,,,,,,,,,,,,,,,,,,,,,,,,,,,,,,,,,,,,,,,,,,,,,,,,,,,,,,,,,,,,,,,,,,,,,,,,,,,,,,,,,,,,,,,,,,,,,,,,,,,,,,,,,,,,,,,,,,,,,,,,,,,,,,,,,,,,,,,,,,,,,,,,,,,,,,,,,,,,,,,,,,,,,,,,,,,,,,,,,,,,,,,,,,,,,,,,,,,,,,,,,,,,,,,,,,,,,,,,,,,,,,,,,,,,,,,,,,,,22.2204,114.2127
2025-07-22T06:00,28,28.2,27.2,29.1,27.2,26.8,27.1,27.4,28,27.5,28.5,27.7,28.8,27.6,29,27.2,28.2,27.8,28.3,27.9,28.1,26.2,28.1,28.8,28.4,27.3,28,27.9,27.2,27.9,30,27.7,27.7,27,28.6,27.9,29.3,27.5,27.9,28.3,87,89,91,87,93,93,92,90,90,91,86,90,88,91,88,91,88,92,87,90,89,94,90,88,89,91,90,89,92,90,84,90,91,92,90,88,86,92,91,91,1.4,1,0.5,0.1,1.1,2.6,0.2,0.9,2.3,1.9,0.3,1.3,0.9,0.6,0.6,1.6,1.6,1.3,1.7,2.5,1.7,0.9,1.1,0.1,0.5,0.7,1.5,3.1,1.4,0,0.2,0.2,0.7,1.7,2.2,0.7,0.6,1.1,0.7,0.4,17.6,11.3,12.9,18.4,5.8,6,4,9,18.4,8.5,11,18.1,24.5,12.7,15,7,19.8,12.2,10.2,16.3,11.4,12.3,19.1,17.5,20,12,14.3,14.3,23,16.9,27.4,7.4,20.8,17.5,10.8,13.3,16.6,22,24.1,19.1,,,,,,,,,,,,,,,,,,,,,,,,,,,,,,,,,,,,,,,,,28.5,28.7,28.4,28.9,28.5,28.8,28.6,28.8,28.7,28.4,28.7,29,28.9,28.7,29,29.1,29,29.1,29,28.4,28.6,28.1,29.2,28.6,28.8,28,29.2,29,28.6,27.8,28.5,79,76,80,77,78,77,79,77,74,78,81,75,78,79,77,75,78,78,78,79,76,79,77,78,79,80,75,76,79,84,76,0.8,1.4,1.3,0,0.8,0,0.7,0.2,1,0.1,2.4,0.1,0.9,2,0.2,0.1,1,0.5,0.9,3.3,1,0.2,0.6,0.5,0.6,0.4,0.2,0.4,0.7,2.4,0.6,21.1,10.4,20.2,9,13.4,19.5,15.8,7.1,9.5,17.2,9.1,14,4.1,19.9,9.8,20.5,15,4.6,24.5,12.4,19.7,16.9,32.1,19.8,16.9,15.9,10.8,34.5,13,16,12,31.7,16.6,33.1,14.8,24.1,31.3,23.4,15.5,14,28.4,14.4,20.9,8.6,32.4,14.8,32.4,27,8.6,37.1,19.1,29.5,27.4,46.8,32.8,27,28.1,21.6,48.2,18.7,26.3,21.6,,,,,,,,,,,,,,,,,,,,,,,,,,,,,,,,,,,,,,,,,,,,,,,,,,,,,,,,,,,,,,,,,,,,,,,,,,,,,,,,,,,,,,,,,,,,,,,,,,,,,,,,,,,,,,,,,,,,,,,,,,,,,,,,,,,,,,,,,,,,,,,,,,,,,,,,,,,,,,,,,,,,,,,,,,,,,,,,,,,,,,,,,,,,,,,,,,,,,,,,,,,,,,,,,,,,,,,,,,,,,,,,,,,,,,,,,,,,,,,,,,,,,,,,,,,,,,,,22.2204,114.2127
2025-07-22T07:00,28.1,28.2,27.2,29.2,27.2,26.7,27.1,27.5,28.1,27.6,28.7,27.7,29,27.7,29,27.3,28.3,27.9,28.4,27.9,28.1,26,28.1,28.9,28.5,27.4,28.1,27.9,27.3,28,30.2,27.8,27.8,27.1,28.6,27.9,29.3,27.6,28,28.3,87,88,90,86,93,93,91,89,89,91,85,90,87,90,88,90,88,91,86,89,89,95,90,88,88,91,90,89,91,89,83,89,90,92,89,88,85,92,90,90,1.4,1,0.5,0.1,1.1,2.6,0.2,0.9,2.3,1.9,0.3,1.3,0.9,0.6,0.6,1.6,1.6,1.3,1.7,2.5,1.7,0.9,1.1,0.1,0.5,0.7,1.5,3.1,1.4,0,0.2,0.2,0.7,1.7,2.2,0.7,0.6,1.1,0.7,0.4,17.4,11.3,12.9,19,5.5,6,4,9.7,18.5,8.5,11,17.8,25,12.8,13.6,6.6,20.2,12.2,10.6,15.9,10.6,11.3,18.8,17.4,19.7,10.9,14.6,14.7,23,16.1,27.7,7.9,21,18.4,10.9,13.6,15.4,23.2,24.1,18,,,,,,,,,,,,,,,,,,,,,,,,,,,,,,,,,,,,,,,,,28.4,28.5,28.3,29.1,28.8,29,28.8,29,29,28.7,28.7,29.2,29,29.1,29.1,29.3,29.1,29.5,29.1,28.5,28.8,28.2,29.6,28.9,29.1,28.3,29.5,29.1,28.5,27.7,28.9,79,78,80,75,77,76,78,74,72,75,81,75,77,77,76,75,77,76,78,79,75,79,75,76,76,77,73,76,79,84,74,0.8,1.4,1.3,0,0.8,0,0.7,0.2,1,0.1,2.4,0.1,0.9,2,0.2,0.1,1,0.5,0.9,3.3,1,0.2,0.6,0.5,0.6,0.4,0.2,0.4,0.7,2.4,0.6,21.4,11.6,21.9,9.5,13.7,19.7,17.8,4.5,10.4,16.2,8.8,11.7,5.8,23.1,10.7,19.5,16.3,3.9,19,12.5,19.7,15.6,33.3,20.5,19.5,17.2,9.4,36.1,14.9,15.8,12.1,31,17.6,34.9,15.5,23.4,31.3,26.6,9.7,15.8,28.8,14,17.6,8.6,34.9,14.8,31,28.4,7.2,31.7,19.8,28.4,25.2,48.2,33.8,29.9,28.1,16.2,49,20.9,25.9,20.9,,,,,,,,,,,,,,,,,,,,,,,,,,,,,,,,,,,,,,,,,,,,,,,,,,,,,,,,,,,,,,,,,,,,,,,,,,,,,,,,,,,,,,,,,,,,,,,,,,,,,,,,,,,,,,,,,,,,,,,,,,,,,,,,,,,,,,,,,,,,,,,,,,,,,,,,,,,,,,,,,,,,,,,,,,,,,,,,,,,,,,,,,,,,,,,,,,,,,,,,,,,,,,,,,,,,,,,,,,,,,,,,,,,,,,,,,,,,,,,,,,,,,,,,,,,,,,,,22.2204,114.2127
2025-07-22T08:00,28.1,28.3,27.3,29.4,27.2,26.6,27.2,27.6,28.2,27.7,28.9,27.7,29.1,27.8,28.9,27.3,28.3,28,28.5,28,28.3,25.9,28.2,29,28.6,27.5,28.2,28,27.3,28.2,30.4,27.9,27.9,27.1,28.6,28,29.4,27.6,28.1,28.5,87,88,89,85,93,94,90,89,89,90,84,90,87,90,88,90,88,91,85,89,88,95,90,87,88,90,90,89,91,88,82,89,90,92,89,88,85,92,89,90,1.4,1,0.5,0.1,1.1,2.6,0.2,0.9,2.3,1.9,0.3,1.3,0.9,0.6,0.6,1.6,1.6,1.3,1.7,2.5,1.7,0.9,1.1,0.1,0.5,0.7,1.5,3.1,1.4,0,0.2,0.2,0.7,1.7,2.2,0.7,0.6,1.1,0.7,0.4,17.4,11.4,13,19.4,5.5,5.6,4.3,10.1,18.7,9,11,17.8,25.3,13.1,13,6.6,20.6,12.7,11.1,15.6,10.6,10.5,18.4,17.1,19.4,10.5,15,14.6,23,16.1,28.1,8.2,21.2,19.5,11.4,13.4,14.3,24.1,24.8,17.6,,,,,,,,,,,,,,,,,,,,,,,,,,,,,,,,,,,,,,,,,28.4,28.5,28.2,29.3,29.1,29.4,28.9,29.6,29.3,29.1,28.7,29.5,29.3,29.5,29.1,29.6,29.5,29.9,29.4,28.7,29,28.3,30.1,28.9,29.6,28.6,29.9,29.2,28.5,27.6,29.1,79,79,80,74,75,73,77,71,70,73,81,73,76,75,76,73,75,74,76,77,74,79,73,76,73,75,71,75,79,84,72,0.8,1.4,1.3,0,0.8,0,0.7,0.2,1,0.1,2.4,0.1,0.9,2,0.2,0.1,1,0.5,0.9,3.3,1,0.2,0.6,0.5,0.6,0.4,0.2,0.4,0.7,2.4,0.6,21.5,13.2,22.8,10.3,14.4,19.2,19.6,1.4,10.8,16.3,8,10,7.5,25.8,11.8,19.1,18.1,3.6,16.9,13.5,19.3,15.3,34.5,21.8,21.4,17.4,10.2,37.5,16.2,16.1,12.9,30.6,19.1,36,16.2,23.4,30.2,29.9,6.5,16.9,29.2,13.3,14.4,9,37.1,15.8,30.2,28.8,6.8,28.4,20.5,27.4,24.1,49,35.6,32.4,28.4,13.3,49.3,22.7,25.6,21.2,,,,,,,,,,,,,,,,,,,,,,,,,,,,,,,,,,,,,,,,,,,,,,,,,,,,,,,,,,,,,,,,,,,,,,,,,,,,,,,,,,,,,,,,,,,,,,,,,,,,,,,,,,,,,,,,,,,,,,,,,,,,,,,,,,,,,,,,,,,,,,,,,,,,,,,,,,,,,,,,,,,,,,,,,,,,,,,,,,,,,,,,,,,,,,,,,,,,,,,,,,,,,,,,,,,,,,,,,,,,,,,,,,,,,,,,,,,,,,,,,,,,,,,,,,,,,,,,22.2204,114.2127
2025-07-22T09:00,28.2,28.4,27.5,29.7,27.3,26.6,27.6,27.7,28.4,28,29.2,27.8,29.3,27.9,28.9,27.4,28.3,28.1,28.7,28.2,28.6,26,28.3,29,28.8,27.7,28.3,28.1,27.4,28.5,30.6,28,28,27.3,28.7,28.1,29.4,27.7,28.4,28.8,87,87,88,84,93,95,88,89,88,89,82,90,87,89,88,89,88,91,84,89,87,94,90,86,87,89,89,89,91,87,81,89,90,92,89,87,85,91,88,89,1.2,1,0.3,0.1,2,4.5,0,1.9,1.7,0.8,0.1,1.2,2.3,1.5,5.2,1.6,2.6,1.5,0.8,2.3,1.2,2.5,2.4,0.6,0.6,0.1,1.9,2.6,2.9,0,0.2,0.7,1.5,1.2,1.4,0.5,1,1,0.4,0.1,17.8,12.4,13.9,19.5,5.6,5.5,5.1,10.8,18.5,9.7,11.5,17.7,25.2,13.9,12.9,6.5,20.7,13.9,11.9,15.9,11.8,10,18.2,17.1,18.8,10.9,15.7,14.8,23,16.8,28.1,8.2,21.7,20.5,12.2,13.2,13.6,24.9,25.2,17.9,,,,,,,,,,,,,,,,,,,,,,,,,,,,,,,,,,,,,,,,,28.5,28.8,28,29.1,29.8,30.2,29.2,30.7,29.8,30,28.8,30,29.9,29.6,29,30.2,30,30.6,30,29.2,29.3,28.1,30.6,28.4,30.3,29,30.8,29.6,28.8,27.8,29.4,79,78,82,74,73,69,75,65,68,70,81,71,74,74,76,71,72,70,72,75,72,80,71,80,70,73,67,74,78,84,71,1,1.6,2,0.4,1.6,0,0.1,0,0.5,0,1.2,0,0.7,2.4,0.6,0.3,1,0,1.9,1.6,0.6,1.1,0.1,3.4,0.1,0.6,0.1,0.8,0.4,2.2,0.4,20.9,15.2,22.6,10.4,15.7,17.8,21.6,3.6,10.3,17.9,6.9,8.4,9.1,27.5,13.8,20.9,18.6,4.7,19.5,13.9,19.1,16.2,34.4,25.2,23.1,14.8,12.4,37.8,17.3,16.1,15,30.2,21.2,35.3,15.8,23.8,26.6,32.4,8.3,15.5,29.9,12.2,11.5,10.1,37.8,18.4,31,27.7,7.2,29.5,20.5,26.6,25.2,48.2,40,33.1,28.4,14.8,49.3,23.4,25.6,23.4,,,,,,,,,,,,,,,,,,,,,,,,,,,,,,,,,,,,,,,,,,,,,,,,,,,,,,,,,,,,,,,,,,,,,,,,,,,,,,,,,,,,,,,,,,,,,,,,,,,,,,,,,,,,,,,,,,,,,,,,,,,,,,,,,,,,,,,,,,,,,,,,,,,,,,,,,,,,,,,,,,,,,,,,,,,,,,,,,,,,,,,,,,,,,,,,,,,,,,,,,,,,,,,,,,,,,,,,,,,,,,,,,,,,,,,,,,,,,,,,,,,,,,,,,,,,,,,,22.2204,114.2127
2025-07-22T10:00,28.3,28.6,27.9,30.1,27.3,26.5,28.1,27.9,28.5,28.3,29.6,27.8,29.4,28.1,28.9,27.5,28.4,28.3,29,28.4,29,26.3,28.5,29.1,28.9,28.1,28.5,28.2,27.6,28.8,30.8,28.2,28.1,27.5,28.9,28.3,29.5,27.9,28.9,29.3,87,86,86,82,93,95,85,88,88,88,80,90,86,88,88,89,88,90,84,88,85,92,89,86,86,88,88,88,90,85,81,88,89,91,88,86,84,91,86,87,1.2,1,0.3,0.1,2,4.5,0,1.9,1.7,0.8,0.1,1.2,2.3,1.5,5.2,1.6,2.6,1.5,0.8,2.3,1.2,2.5,2.4,0.6,0.6,0.1,1.9,2.6,2.9,0,0.2,0.7,1.5,1.2,1.4,0.5,1,1,0.4,0.1,18.1,13.4,15.8,19,5.5,5.1,6.8,11.5,18.1,10.7,12.1,18.4,24.4,15.3,13.8,6.5,20.8,15.8,12.9,16.3,13.6,9.7,18.1,17.6,18.9,11.6,16.4,15,23,18.3,28.2,8.2,22.5,21.1,13.6,13.3,13.1,26.1,26.1,18.6,,,,,,,,,,,,,,,,,,,,,,,,,,,,,,,,,,,,,,,,,28.6,29.1,27.6,28.9,30.4,31.2,29.6,32,30.5,31,28.8,30.7,30.6,29.6,28.9,30.8,30.7,31.5,30.9,29.9,29.8,27.9,31.1,27.6,31,29.3,32,30,29.2,27.9,29.7,79,76,85,76,70,63,73,59,65,66,80,67,71,74,77,68,69,65,68,72,69,82,69,85,68,71,62,72,75,84,70,1,1.6,2,0.4,1.6,0,0.1,0,0.5,0,1.2,0,0.7,2.4,0.6,0.3,1,0,1.9,1.6,0.6,1.1,0.1,3.4,0.1,0.6,0.1,0.8,0.4,2.2,0.4,20.5,17.7,22,10.1,18.1,15.5,23.7,8.7,9.2,20.5,5.9,6.4,10.5,28.7,15.9,23.9,18.7,7.5,23.8,14.3,18.9,17.4,34.2,29.5,25.2,16.6,15,37.6,18.1,16.3,18.2,30.2,23.4,33.1,15.8,24.5,22,34.9,12.6,13.3,31.3,10.8,8.6,11.5,37.8,22,32.4,25.6,8.3,33.1,20.2,26.3,27,46.8,45.4,33.1,28.1,18.7,48.6,23.8,25.9,26.6,,,,,,,,,,,,,,,,,,,,,,,,,,,,,,,,,,,,,,,,,,,,,,,,,,,,,,,,,,,,,,,,,,,,,,,,,,,,,,,,,,,,,,,,,,,,,,,,,,,,,,,,,,,,,,,,,,,,,,,,,,,,,,,,,,,,,,,,,,,,,,,,,,,,,,,,,,,,,,,,,,,,,,,,,,,,,,,,,,,,,,,,,,,,,,,,,,,,,,,,,,,,,,,,,,,,,,,,,,,,,,,,,,,,,,,,,,,,,,,,,,,,,,,,,,,,,,,,22.2204,114.2127
2025-07-22T11:00,28.4,28.8,28.3,30.6,27.4,26.4,28.8,28,28.7,28.6,30,27.9,29.6,28.3,28.9,27.7,28.5,28.5,29.3,28.6,29.5,26.7,28.7,29.2,29.1,28.4,28.7,28.3,27.8,29.3,31,28.3,28.2,27.7,29,28.5,29.6,28.1,29.4,29.9,86,85,84,80,93,95,83,88,87,87,78,89,86,88,89,88,87,89,83,87,84,90,87,85,85,86,87,88,89,83,80,87,88,90,88,85,84,90,85,85,1.2,1,0.3,0.1,2,4.5,0,1.9,1.7,0.8,0.1,1.2,2.3,1.5,5.2,1.6,2.6,1.5,0.8,2.3,1.2,2.5,2.4,0.6,0.6,0.1,1.9,2.6,2.9,0,0.2,0.7,1.5,1.2,1.4,0.5,1,1,0.4,0.1,18.5,14.8,17.7,19.1,5.7,5.1,8.7,12.6,17.6,12.1,13,18.6,23.7,16.8,14.8,6.8,20.9,17.9,13.7,17,16.3,9.5,18.4,18.1,18.7,12.3,17.4,15.2,22.7,19.9,28.4,7.9,23.6,22.2,15,13.4,12.9,26.8,26.6,19.6,,,,,,,,,,,,,,,,,,,,,,,,,,,,,,,,,,,,,,,,,28.6,29.5,27.5,29,30.9,32.2,30,33,31,31.8,28.8,31.3,31.2,29.5,28.8,31.4,31.2,32,31.5,30.5,30,27.7,31.6,27.3,31.5,29.6,32.8,30.4,29.8,27.9,29.8,79,74,86,75,68,59,71,54,62,63,80,65,69,75,77,65,67,62,64,69,67,83,68,87,66,70,58,70,73,84,70,1,1.6,2,0.4,1.6,0,0.1,0,0.5,0,1.2,0,0.7,2.4,0.6,0.3,1,0,1.9,1.6,0.6,1.1,0.1,3.4,0.1,0.6,0.1,0.8,0.4,2.2,0.4,20.5,19.8,21,10.1,20.1,13,25.2,10.9,9,23.6,4.4,4.7,12.2,28.3,17.6,25.7,19.1,10,26.9,15.1,18.1,18.7,34,31.9,27.4,21.6,17.4,37.9,19,15.8,21.2,30.2,25.6,31.7,16.6,25.2,18,36.4,15.8,11.9,32.8,9.7,6.8,13.7,37.1,24.5,33.1,24.1,9.7,35.3,20.2,25.6,28.8,45.7,47.2,33.8,27.7,22,48.6,23.4,25.6,29.9,,,,,,,,,,,,,,,,,,,,,,,,,,,,,,,,,,,,,,,,,,,,,,,,,,,,,,,,,,,,,,,,,,,,,,,,,,,,,,,,,,,,,,,,,,,,,,,,,,,,,,,,,,,,,,,,,,,,,,,,,,,,,,,,,,,,,,,,,,,,,,,,,,,,,,,,,,,,,,,,,,,,,,,,,,,,,,,,,,,,,,,,,,,,,,,,,,,,,,,,,,,,,,,,,,,,,,,,,,,,,,,,,,,,,,,,,,,,,,,,,,,,,,,,,,,,,,,,22.2204,114.2127
2025-07-22T12:00,28.5,29,28.7,30.9,27.5,26.4,29.4,28.2,28.9,29,30.3,28,29.8,28.4,28.8,27.8,28.5,28.6,29.6,28.9,30,27.1,28.9,29.3,29.2,28.8,28.9,28.5,28,29.6,31.1,28.5,28.3,27.9,29.1,28.7,29.7,28.3,29.8,30.4,86,84,82,78,92,96,80,88,86,85,76,89,86,87,89,88,87,89,83,87,82,88,86,84,84,85,86,87,89,81,79,86,88,89,87,84,83,89,83,82,1.2,1,0.3,0.1,2,4.5,0,1.9,1.7,0.8,0.1,1.2,2.3,1.5,5.2,1.6,2.6,1.5,0.8,2.3,1.2,2.5,2.4,0.6,0.6,0.1,1.9,2.6,2.9,0,0.2,0.7,1.5,1.2,1.4,0.5,1,1,0.4,0.1,19.2,16.3,19.9,18.7,5.9,4.9,10.3,13.3,16.9,12.8,13.9,19.2,22.9,17.9,16,6.9,21,20.2,14.5,17.7,18.6,9.7,18.4,18.3,18.2,13.4,18.4,15.5,22.4,21.7,28.4,7.9,24.2,22.9,16.3,13.2,12.7,27.6,27.3,20.3,,,,,,,,,,,,,,,,,,,,,,,,,,,,,,,,,,,,,,,,,28.4,29.9,27.6,30.1,31,33,30.2,33.3,31.7,32.2,28.8,31.8,31.6,29.2,29,31.8,31.6,32.2,31.9,31,30.1,27.6,32,28,31.9,30,33,30.6,30.5,27.7,29.6,80,72,84,71,67,56,70,53,59,62,80,63,68,77,76,63,65,61,62,66,66,83,67,82,64,68,57,69,70,85,72,0.6,0.1,0.2,0,1.9,0,0,0.1,0.3,0.7,0.8,0.2,1.3,2,0.6,0,0.4,0,0.7,0.8,0.2,0.9,1.8,0.8,0.1,0,0,0.5,0,3.3,0.4,20.7,21.3,19.8,11.3,20.9,10.5,26.3,8.9,9.8,26.6,3.4,3.1,14.8,26.2,17.9,25.2,20.3,11.7,26.8,16.4,16.6,19.1,34.4,29.5,29.7,22.6,20,39,18,15.1,24.4,30.6,27.4,30.6,19.4,25.2,15.8,36.7,16.2,12.2,34.9,9,6.1,16.2,35.3,24.8,32.4,24.1,11.5,34.9,20.9,24.5,28.8,45.7,42.8,35.6,26.3,24.1,49.3,21.6,24.1,33.5,,,,,,,,,,,,,,,,,,,,,,,,,,,,,,,,,,,,,,,,,,,,,,,,,,,,,,,,,,,,,,,,,,,,,,,,,,,,,,,,,,,,,,,,,,,,,,,,,,,,,,,,,,,,,,,,,,,,,,,,,,,,,,,,,,,,,,,,,,,,,,,,,,,,,,,,,,,,,,,,,,,,,,,,,,,,,,,,,,,,,,,,,,,,,,,,,,,,,,,,,,,,,,,,,,,,,,,,,,,,,,,,,,,,,,,,,,,,,,,,,,,,,,,,,,,,,,,,22.2204,114.2127
2025-07-22T13:00,28.5,29.1,29,31.2,27.6,26.3,29.8,28.3,29,29.2,30.6,28,29.9,28.5,28.8,27.9,28.6,28.8,29.8,29,30.3,27.4,29.1,29.3,29.3,29,29.1,28.6,28.2,29.9,31.2,28.5,28.3,28.1,29.2,28.9,29.7,28.4,30.2,30.9,86,83,81,77,92,96,78,88,85,84,74,89,86,86,89,87,87,88,82,86,81,86,85,84,83,83,85,87,88,79,79,86,87,88,87,83,83,88,82,81,1.2,1,0.3,0.1,2,4.5,0,1.9,1.7,0.8,0.1,1.2,2.3,1.5,5.2,1.6,2.6,1.5,0.8,2.3,1.2,2.5,2.4,0.6,0.6,0.1,1.9,2.6,2.9,0,0.2,0.7,1.5,1.2,1.4,0.5,1,1,0.4,0.1,19.6,17,21.5,18.4,6.4,5,11.8,14,16.6,13.8,14.5,19.2,21.9,19,16.8,7.1,20.7,22.1,15.3,18.1,20.6,9.8,18.5,18.9,18.4,14.4,18.6,15.5,22.1,22.7,28.4,7.8,24.7,23.6,17.4,13.4,12.7,28.4,27.7,21,,,,,,,,,,,,,,,,,,,,,,,,,,,,,,,,,,,,,,,,,28.1,30.4,28,31.5,30.9,33.7,30.5,33.2,32.3,32.3,28.6,32.2,31.8,28.8,29.1,32,31.8,32.2,32,31.5,30.1,27.6,32.3,29.3,32,30.5,32.9,30.8,31.4,27.4,29.3,81,69,81,64,67,55,69,53,56,62,80,62,68,79,74,61,64,62,60,64,66,82,65,74,63,67,58,68,66,87,74,0.6,0.1,0.2,0,1.9,0,0,0.1,0.3,0.7,0.8,0.2,1.3,2,0.6,0,0.4,0,0.7,0.8,0.2,0.9,1.8,0.8,0.1,0,0,0.5,0,3.3,0.4,21.3,23,19.2,13.7,21.1,8.2,27.4,6.2,11.2,29.3,3.7,1.8,17.3,22.7,17.4,23.7,21.7,12.8,25.5,17.7,15.5,19.5,35.3,25.5,31.5,21.3,22.4,40.1,16.7,14.7,27.6,31,29.2,30.2,23.4,25.2,14.4,36.4,15.1,13.7,37.4,8.6,6.1,19.1,32.8,24.5,31,24.8,14,33.5,22.3,23,28.8,46.1,35.3,38.2,24.5,25.9,50.8,18.7,22.3,36.7,,,,,,,,,,,,,,,,,,,,,,,,,,,,,,,,,,,,,,,,,,,,,,,,,,,,,,,,,,,,,,,,,,,,,,,,,,,,,,,,,,,,,,,,,,,,,,,,,,,,,,,,,,,,,,,,,,,,,,,,,,,,,,,,,,,,,,,,,,,,,,,,,,,,,,,,,,,,,,,,,,,,,,,,,,,,,,,,,,,,,,,,,,,,,,,,,,,,,,,,,,,,,,,,,,,,,,,,,,,,,,,,,,,,,,,,,,,,,,,,,,,,,,,,,,,,,,,,22.2204,114.2127
2025-07-22T14:00,28.5,29.2,29.1,31.2,27.6,26.3,30,28.3,29.1,29.3,30.6,28,29.9,28.6,28.7,27.9,28.6,28.8,30,29.1,30.4,27.6,29.1,29.3,29.4,29.1,29.1,28.6,28.3,30,31.3,28.5,28.4,28.2,29.3,28.9,29.7,28.4,30.3,31.1,86,83,80,77,92,96,77,88,85,84,74,89,86,86,89,87,87,88,82,86,80,85,85,84,83,83,85,87,88,79,79,86,87,88,87,83,83,88,82,80,1.2,1,0.3,0.1,2,4.5,0,1.9,1.7,0.8,0.1,1.2,2.3,1.5,5.2,1.6,2.6,1.5,0.8,2.3,1.2,2.5,2.4,0.6,0.6,0.1,1.9,2.6,2.9,0,0.2,0.7,1.5,1.2,1.4,0.5,1,1,0.4,0.1,20.1,17.7,22.1,18.1,6.6,5.2,12.4,14,15.8,14.1,14.7,19.2,21.1,19.7,17.1,7.3,20.3,22.9,15.6,17.7,21.4,10.1,18.2,18.8,18.2,14.8,18.6,15.5,21.1,23.2,27.9,7.6,24.7,24,17.7,13.2,12.3,28.5,27.7,20.6,,,,,,,,,,,,,,,,,,,,,,,,,,,,,,,,,,,,,,,,,27.8,30.5,28.3,32.5,30.6,34.1,30.6,33.2,32.7,32.3,28.5,32.3,31.9,28.4,29.2,32.2,31.8,32,32,31.6,30.2,27.6,32.5,30.2,32,30.7,32.7,30.8,31.9,27.1,29,82,68,79,60,68,54,69,54,55,63,80,62,68,81,73,60,64,63,60,63,66,81,65,68,63,66,59,68,64,89,76,0.6,0.1,0.2,0,1.9,0,0,0.1,0.3,0.7,0.8,0.2,1.3,2,0.6,0,0.4,0,0.7,0.8,0.2,0.9,1.8,0.8,0.1,0,0,0.5,0,3.3,0.4,22,24.3,18.9,15.9,21.8,6.4,28.2,6.4,12.4,31.1,5.4,1.6,19.5,19.5,17.1,22.2,22.3,14.6,25.1,19.2,13.8,20,35.8,21.9,33.2,20.4,24,40.4,15.6,14.8,29,32,30.6,29.9,26.3,26.3,13.3,35.3,14.4,15.5,39.2,8.6,6.5,22,29.9,23.8,29.5,25.6,16.9,32.4,23.8,20.9,29.5,45.7,28.8,40.3,23.8,27.4,51.1,17.3,21.6,38.5,,,,,,,,,,,,,,,,,,,,,,,,,,,,,,,,,,,,,,,,,,,,,,,,,,,,,,,,,,,,,,,,,,,,,,,,,,,,,,,,,,,,,,,,,,,,,,,,,,,,,,,,,,,,,,,,,,,,,,,,,,,,,,,,,,,,,,,,,,,,,,,,,,,,,,,,,,,,,,,,,,,,,,,,,,,,,,,,,,,,,,,,,,,,,,,,,,,,,,,,,,,,,,,,,,,,,,,,,,,,,,,,,,,,,,,,,,,,,,,,,,,,,,,,,,,,,,,,22.2204,114.2127
2025-07-22T15:00,28.5,29.1,29,31,27.7,26.4,29.9,28.3,29.1,29.3,30.5,27.9,29.8,28.5,28.6,27.9,28.5,28.8,30,29,30.3,27.7,29.1,29.2,29.3,29.1,29.1,28.6,28.3,29.8,31.2,28.4,28.4,28.2,29.2,28.8,29.7,28.3,30.2,31,86,83,80,78,92,96,78,88,85,84,75,89,86,86,89,87,87,88,82,86,80,85,85,84,84,83,85,87,88,80,80,87,87,88,87,83,83,89,83,80,0.9,0.1,0,1.3,3.4,2.9,0.1,1.5,3,0.5,0.1,1.1,3,0.8,0.9,0.8,1,0.6,0.1,1,0.3,0.5,0.9,0.9,0.2,0.5,1.2,2.5,0,0,0.3,0.6,1.5,1.1,1.3,0.5,0.9,1.1,0,0.1,20.1,17.6,21.6,17.4,7.1,5.2,12.1,13.7,15.3,13.6,14.2,18.5,20.3,19.7,16.6,7.2,19.4,23.1,15.5,16.7,21.2,10.5,17.4,18.4,18.2,14.8,17.9,15.1,20.1,22.8,27.2,7.6,24.1,24.2,17.7,13,11.8,28.3,27.3,19.6,,,,,,,,,,,,,,,,,,,,,,,,,,,,,,,,,,,,,,,,,27.5,30.5,28.4,32.8,30.3,34,30.7,33.3,32.5,32.1,28.2,32.1,31.8,28.1,29.2,32.2,31.8,31.6,31.9,31.4,30.5,27.7,32.3,30.7,31.9,30.6,32.7,30.7,31.9,26.9,28.6,84,69,79,59,69,54,69,54,56,64,81,63,68,82,73,60,64,65,61,64,64,81,66,66,64,66,59,68,64,90,77,1,0,0,0.2,0.9,0,0,0,0.1,1.1,0.7,1,1.1,1.8,0,0,0.3,0,0.3,1.1,0,0.5,1.5,0,0,0,0,0.4,0.3,4.4,0.2,22.7,25.1,19.5,17.3,24.5,4.5,27.9,7,14.1,31.4,7,3.2,21.3,16.8,17.1,21.3,22.1,17.1,25.5,20.3,10,22,34.8,20.3,33.5,21.3,24.8,39.2,16.1,16.2,27.4,33.5,32,30.2,26.6,29.2,13,33.5,14.4,17.3,40.7,9.4,7.2,24.5,25.9,23.8,28.1,25.6,20.2,32.4,25.2,16.2,32.8,44.3,25.6,41.4,24.8,28.4,49.7,18,22.7,37.8,,,,,,,,,,,,,,,,,,,,,,,,,,,,,,,,,,,,,,,,,,,,,,,,,,,,,,,,,,,,,,,,,,,,,,,,,,,,,,,,,,,,,,,,,,,,,,,,,,,,,,,,,,,,,,,,,,,,,,,,,,,,,,,,,,,,,,,,,,,,,,,,,,,,,,,,,,,,,,,,,,,,,,,,,,,,,,,,,,,,,,,,,,,,,,,,,,,,,,,,,,,,,,,,,,,,,,,,,,,,,,,,,,,,,,,,,,,,,,,,,,,,,,,,,,,,,,,,22.2204,114.2127
2025-07-22T16:00,28.4,28.9,28.7,30.5,27.7,26.4,29.6,28.3,29,29.1,30.1,27.8,29.6,28.3,28.5,27.8,28.4,28.8,30,28.8,29.9,27.7,28.9,28.9,29.2,28.9,28.9,28.6,28.2,29.4,31,28.2,28.3,28,29.1,28.6,29.7,28.1,29.9,30.7,86,84,81,80,92,95,80,89,86,85,77,90,87,87,89,88,88,89,82,87,81,86,86,85,85,84,86,87,88,82,81,87,87,89,87,84,83,90,84,81,0.9,0.1,0,1.3,3.4,2.9,0.1,1.5,3,0.5,0.1,1.1,3,0.8,0.9,0.8,1,0.6,0.1,1,0.3,0.5,0.9,0.9,0.2,0.5,1.2,2.5,0,0,0.3,0.6,1.5,1.1,1.3,0.5,0.9,1.1,0,0.1,20.4,16.8,20,16.8,7.7,5.6,10.7,13,14.3,12.6,13,17.5,19.2,18.9,15.9,7.3,18.5,22.6,14.8,15.3,19.7,11.9,16.2,18.2,18.3,14.9,16.5,14,18.5,21.1,26,7.5,22.7,24.4,17,12.9,10.7,27.8,26.3,17.5,,,,,,,,,,,,,,,,,,,,,,,,,,,,,,,,,,,,,,,,,27.3,30.3,28.5,32.7,29.8,33.7,30.7,33.5,32.2,31.8,27.8,31.6,31.6,28,29,32.2,31.6,31,31.5,30.9,30.9,27.8,32,31,31.5,30.4,32.5,30.5,31.6,26.6,28.3,86,70,79,60,71,55,69,54,59,65,83,64,68,83,75,60,65,68,63,67,61,82,68,65,66,68,60,69,65,92,78,1,0,0,0.2,0.9,0,0,0,0.1,1.1,0.7,1,1.1,1.8,0,0,0.3,0,0.3,1.1,0,0.5,1.5,0,0,0,0,0.4,0.3,4.4,0.2,23.4,26,20.7,18.6,27.9,2.2,26.8,7.4,16.4,30.7,8.6,6.4,22.4,14.6,16.8,20.3,21.6,20,26.5,21.4,6.3,24.8,33.2,18.7,33.1,22.9,24.7,37.1,17.3,17.7,23.9,35.6,33.5,30.6,25.9,33.5,13,31.3,15.1,19.1,41.4,10.8,8.6,26.6,21.6,23.4,27,25.6,23.8,32.8,26.6,10.4,36.7,42.1,23.4,42.1,26.6,28.8,47.5,20.2,25.2,35.3,,,,,,,,,,,,,,,,,,,,,,,,,,,,,,,,,,,,,,,,,,,,,,,,,,,,,,,,,,,,,,,,,,,,,,,,,,,,,,,,,,,,,,,,,,,,,,,,,,,,,,,,,,,,,,,,,,,,,,,,,,,,,,,,,,,,,,,,,,,,,,,,,,,,,,,,,,,,,,,,,,,,,,,,,,,,,,,,,,,,,,,,,,,,,,,,,,,,,,,,,,,,,,,,,,,,,,,,,,,,,,,,,,,,,,,,,,,,,,,,,,,,,,,,,,,,,,,,22.2204,114.2127
2025-07-22T17:00,28.3,28.7,28.3,29.9,27.8,26.6,29.1,28.2,28.8,28.8,29.7,27.7,29.3,28,28.4,27.6,28.3,28.7,29.9,28.6,29.5,27.7,28.8,28.7,29,28.6,28.8,28.5,28.1,28.9,30.8,28,28.3,27.9,29,28.4,29.7,27.8,29.5,30.3,86,85,82,83,92,95,83,89,86,86,79,90,87,89,89,88,88,89,83,87,83,87,88,86,87,86,87,88,88,84,82,89,88,90,88,85,83,91,86,83,0.9,0.1,0,1.3,3.4,2.9,0.1,1.5,3,0.5,0.1,1.1,3,0.8,0.9,0.8,1,0.6,0.1,1,0.3,0.5,0.9,0.9,0.2,0.5,1.2,2.5,0,0,0.3,0.6,1.5,1.1,1.3,0.5,0.9,1.1,0,0.1,20.4,16,18.1,16.2,8.1,5.8,9.5,11.9,13.8,11.2,11.6,16.2,18.6,18.1,14.5,7.4,17.7,21.4,14.1,13.3,18.2,14.1,14.8,17.6,18.3,14.6,14.4,13.4,17.1,19.5,24.6,7.6,21.3,24.4,15.9,13.2,9.4,27.3,25,15.3,,,,,,,,,,,,,,,,,,,,,,,,,,,,,,,,,,,,,,,,,27.1,30,28.4,32.4,29.2,33.2,30.6,33.2,31.6,31.3,27.5,31.1,31.3,27.9,28.8,31.9,31.4,30.5,31,30.3,30.9,27.8,31.5,31,31,30,32.2,30.1,31.3,26.5,28.1,86,72,80,62,73,57,69,55,62,66,85,66,69,84,76,61,66,71,66,70,61,82,70,65,68,69,61,70,66,92,78,1,0,0,0.2,0.9,0,0,0,0.1,1.1,0.7,1,1.1,1.8,0,0,0.3,0,0.3,1.1,0,0.5,1.5,0,0,0,0,0.4,0.3,4.4,0.2,24.3,26.4,21.4,19.2,30.5,0.4,25.3,8.8,17.8,29.2,9.8,9.5,23.4,13.1,16.8,19.3,21.1,22.5,28.2,23.1,8.1,27.7,31.5,16.8,33.3,24.6,24.2,35.6,18.1,19.1,20.7,37.8,34.6,31.7,25.2,37.1,12.6,29.5,15.5,20.5,41.4,11.5,11.2,28.8,18.7,23.4,25.6,25.6,27.4,34.6,28.8,8.6,40.7,40,20.9,43.2,29.5,28.8,46.1,22,27.4,32.4,,,,,,,,,,,,,,,,,,,,,,,,,,,,,,,,,,,,,,,,,,,,,,,,,,,,,,,,,,,,,,,,,,,,,,,,,,,,,,,,,,,,,,,,,,,,,,,,,,,,,,,,,,,,,,,,,,,,,,,,,,,,,,,,,,,,,,,,,,,,,,,,,,,,,,,,,,,,,,,,,,,,,,,,,,,,,,,,,,,,,,,,,,,,,,,,,,,,,,,,,,,,,,,,,,,,,,,,,,,,,,,,,,,,,,,,,,,,,,,,,,,,,,,,,,,,,,,,22.2204,114.2127
2025-07-22T18:00,28.2,28.4,27.9,29.3,27.8,26.7,28.5,28.1,28.7,28.5,29.2,27.5,29.1,27.8,28.3,27.5,28.2,28.6,29.7,28.4,28.9,27.6,28.6,28.5,28.8,28.3,28.5,28.4,27.9,28.4,30.5,27.7,28.2,27.7,28.8,28.1,29.6,27.4,29.1,29.9,87,86,84,86,93,94,86,89,87,86,82,91,88,90,89,89,88,90,83,88,85,88,89,87,89,88,88,88,89,86,83,90,88,91,88,86,84,92,87,84,0.9,0.1,0,1.3,3.4,2.9,0.1,1.5,3,0.5,0.1,1.1,3,0.8,0.9,0.8,1,0.6,0.1,1,0.3,0.5,0.9,0.9,0.2,0.5,1.2,2.5,0,0,0.3,0.6,1.5,1.1,1.3,0.5,0.9,1.1,0,0.1,20.1,15.2,15.8,15.3,8.7,6.2,8.3,10.5,12.8,10.3,10.2,14.9,17.4,17,13.4,7.6,16.6,20.6,13.1,11.7,16.3,16.5,13.6,16.8,18.1,14,12.7,12.4,15.6,17.6,22.9,8.3,19.6,24.4,14.8,13.1,8.1,26.6,23.9,12.9,,,,,,,,,,,,,,,,,,,,,,,,,,,,,,,,,,,,,,,,,27,29.7,28.4,31.9,28.8,32.8,30.3,32.5,31.1,30.9,27.4,30.6,30.8,27.9,28.5,31.5,31,30,30.4,29.9,30.5,28,31,30.8,30.3,29.4,31.7,29.8,30.9,26.5,28.2,84,74,80,64,76,59,70,58,65,68,86,69,71,84,77,63,68,74,69,72,64,80,72,65,72,71,64,71,68,91,76,0.4,0.2,0,1.6,0.3,0.1,0.1,0.9,0.1,0.1,0.3,0.5,0.6,1.7,0,0,0.7,0,0.1,1.2,0,0,0.5,0,0,0,0,0.1,0.2,2.2,0,26.2,26.6,22,18.8,30.6,2.9,23.5,11,18,27.4,9.9,13.3,24.2,13,16.7,18,20.7,24.6,31,25.1,12.4,28.7,29.8,13.2,34.3,26.6,22.7,35.4,17.6,19.5,17.7,40.7,35.6,33.1,25.6,39.6,11.9,28.1,16.2,21.2,41.4,11.5,16.2,31.3,18,23.4,24.1,26.3,31.3,38.5,32,14,43.9,38.2,17.3,45,33.5,27.7,46.4,22.7,28.8,29.5,,,,,,,,,,,,,,,,,,,,,,,,,,,,,,,,,,,,,,,,,,,,,,,,,,,,,,,,,,,,,,,,,,,,,,,,,,,,,,,,,,,,,,,,,,,,,,,,,,,,,,,,,,,,,,,,,,,,,,,,,,,,,,,,,,,,,,,,,,,,,,,,,,,,,,,,,,,,,,,,,,,,,,,,,,,,,,,,,,,,,,,,,,,,,,,,,,,,,,,,,,,,,,,,,,,,,,,,,,,,,,,,,,,,,,,,,,,,,,,,,,,,,,,,,,,,,,,,22.2204,114.2127
2025-07-22T19:00,28.1,28.2,27.5,28.7,27.8,26.8,28,28,28.6,28.2,28.7,27.4,28.8,27.6,28.2,27.3,28.1,28.6,29.6,28.1,28.5,27.6,28.4,28.3,28.6,28,28.4,28.4,27.8,27.9,30.3,27.4,28.1,27.6,28.7,27.8,29.5,27.1,28.7,29.4,87,86,85,88,93,93,89,90,88,87,84,92,89,91,89,90,89,91,83,88,86,89,90,88,90,89,89,89,89,89,84,91,89,91,89,87,84,93,89,86,0.9,0.1,0,1.3,3.4,2.9,0.1,1.5,3,0.5,0.1,1.1,3,0.8,0.9,0.8,1,0.6,0.1,1,0.3,0.5,0.9,0.9,0.2,0.5,1.2,2.5,0,0,0.3,0.6,1.5,1.1,1.3,0.5,0.9,1.1,0,0.1,19.9,14.4,13.9,15,9.5,6.4,7.6,9.8,12.1,9,8.9,13.8,16.7,16.2,12.1,7.9,15.9,19.6,12.1,10.3,14.8,19.4,12.9,16.4,18,13.7,11,11.6,14.9,16.1,21.7,8.3,18.6,24.5,13.7,13,7.1,25.9,22.9,10.9,,,,,,,,,,,,,,,,,,,,,,,,,,,,,,,,,,,,,,,,,26.9,29.3,28.2,31.1,28.2,32.2,29.9,31.5,30.5,30.3,27.2,29.9,30,28,28.2,30.9,30.5,29.4,29.8,29.4,29.9,28.1,30.4,30.4,29.5,28.8,31,29.4,30.4,26.5,28.5,80,76,80,67,78,62,72,63,68,71,86,74,74,84,79,67,69,76,72,74,70,78,74,67,76,73,69,73,71,90,73,0.4,0.2,0,1.6,0.3,0.1,0.1,0.9,0.1,0.1,0.3,0.5,0.6,1.7,0,0,0.7,0,0.1,1.2,0,0,0.5,0,0,0,0,0.1,0.2,2.2,0,29,26.5,22.2,17.2,29.5,5.8,21.6,13.9,17.4,25,9,17.1,24.6,13.4,16.6,16.9,21.6,26.3,34.1,28,17.4,29.1,28,9.2,35.3,28.8,20.6,35.8,16.8,19.6,14.1,43.9,36.4,35.3,25.9,41.8,10.8,27.4,16.6,21.6,40.3,11.2,22.3,33.5,18.7,23,22.7,27.4,35.6,43.6,36,22.7,46.8,36.7,13,46.8,38.5,26.3,47.9,23,30.2,26.6,,,,,,,,,,,,,,,,,,,,,,,,,,,,,,,,,,,,,,,,,,,,,,,,,,,,,,,,,,,,,,,,,,,,,,,,,,,,,,,,,,,,,,,,,,,,,,,,,,,,,,,,,,,,,,,,,,,,,,,,,,,,,,,,,,,,,,,,,,,,,,,,,,,,,,,,,,,,,,,,,,,,,,,,,,,,,,,,,,,,,,,,,,,,,,,,,,,,,,,,,,,,,,,,,,,,,,,,,,,,,,,,,,,,,,,,,,,,,,,,,,,,,,,,,,,,,,,,22.2204,114.2127
2025-07-22T20:00,28,28,27.2,28.3,27.9,26.8,27.7,27.9,28.5,28,28.4,27.3,28.7,27.4,28.1,27.2,28,28.5,29.5,27.9,28.1,27.6,28.2,28.1,28.4,27.8,28.2,28.3,27.7,27.6,30.1,27.2,28,27.5,28.5,27.7,29.3,26.9,28.4,29.1,87,87,86,90,93,93,91,90,88,88,86,92,89,92,89,91,89,91,84,89,87,90,91,89,91,90,90,89,89,90,85,92,89,92,89,88,85,94,90,87,0.9,0.1,0,1.3,3.4,2.9,0.1,1.5,3,0.5,0.1,1.1,3,0.8,0.9,0.8,1,0.6,0.1,1,0.3,0.5,0.9,0.9,0.2,0.5,1.2,2.5,0,0,0.3,0.6,1.5,1.1,1.3,0.5,0.9,1.1,0,0.1,19.9,13.6,12.4,14.8,9.5,6.9,7.4,9.2,11.4,8.4,8.1,13.2,15.9,15.8,11.3,7.9,15.4,19,11.7,9.2,14,21.7,12.2,16.1,17.8,13.1,10,11.4,14.5,14.7,20.8,8.4,17.8,24.5,13,13,6.2,25.4,21.7,9.2,,,,,,,,,,,,,,,,,,,,,,,,,,,,,,,,,,,,,,,,,27,29,28.2,30.5,27.8,31.7,29.5,30.7,29.9,29.9,27.2,29.4,29.5,28,28,30.4,30,28.9,29.1,29,29.2,28.2,29.9,30,28.8,28.2,30.4,29,29.9,26.6,28.6,77,78,80,69,80,64,74,66,71,73,86,77,76,84,80,69,71,78,75,75,74,76,76,68,79,75,72,74,73,89,71,0.4,0.2,0,1.6,0.3,0.1,0.1,0.9,0.1,0.1,0.3,0.5,0.6,1.7,0,0,0.7,0,0.1,1.2,0,0,0.5,0,0,0,0,0.1,0.2,2.2,0,29.6,26,22.7,15.8,28.2,8,19.9,14.5,17.7,22.3,7.9,20,24.3,14,16.2,15.3,22.4,27,36.4,29.9,21,28.6,26.5,6.6,35.7,29.9,18.7,35.4,16.7,19.6,11.4,44.3,36.4,37.1,26.6,43.2,10.1,26.6,16.6,22.3,37.4,10.4,27,34.6,19.8,22.3,20.9,28.1,38.5,47.2,38.2,29.9,48.2,35.6,10.1,47.9,41.8,24.8,48.2,23.4,31.7,23,,,,,,,,,,,,,,,,,,,,,,,,,,,,,,,,,,,,,,,,,,,,,,,,,,,,,,,,,,,,,,,,,,,,,,,,,,,,,,,,,,,,,,,,,,,,,,,,,,,,,,,,,,,,,,,,,,,,,,,,,,,,,,,,,,,,,,,,,,,,,,,,,,,,,,,,,,,,,,,,,,,,,,,,,,,,,,,,,,,,,,,,,,,,,,,,,,,,,,,,,,,,,,,,,,,,,,,,,,,,,,,,,,,,,,,,,,,,,,,,,,,,,,,,,,,,,,,,22.2204,114.2127
2025-07-22T21:00,28,27.8,27,28.1,27.9,26.9,27.5,27.8,28.4,27.8,28.2,27.3,28.6,27.4,28,27,27.9,28.5,29.3,27.8,27.9,27.6,28.1,28.1,28.3,27.7,28.1,28.3,27.5,27.4,29.9,27.1,27.9,27.5,28.4,27.6,29.1,26.8,28.3,28.8,87,87,87,91,93,93,92,90,88,88,87,92,89,92,89,92,89,91,85,89,87,90,91,89,91,91,90,89,89,91,85,93,90,92,89,88,86,94,91,88,1.6,0.2,0,1,3.9,2.9,0,1.6,0.5,0,0.6,1.2,2.5,1,1.3,2.9,1.3,0.5,0.3,0.4,0.3,0.8,1.3,0.8,0,2.3,1,3.7,0,0,0.1,0.5,0.2,1.2,1.3,0.7,3,1.5,0.1,0.3,19.9,13.2,11.6,14.6,9.4,7.6,7.3,9.2,10.7,8.3,7.6,13,15.1,15.9,10.7,7.7,15.2,18.7,11.2,8.8,13.5,23.9,11.8,15.5,17.3,12.5,9.4,11.4,14.2,13.4,20.1,8,17.6,24.5,12.8,13,5.5,25,20.6,8.2,,,,,,,,,,,,,,,,,,,,,,,,,,,,,,,,,,,,,,,,,27.2,28.9,28.2,30.5,27.5,31.4,29.4,30.4,29.4,29.8,27.3,29,29.3,28,27.8,30.2,29.8,28.6,28.8,28.8,28.9,28.3,29.7,29.8,28.5,28,30.1,28.9,29.5,26.8,28.5,75,79,79,69,79,66,75,68,74,73,85,78,77,84,81,70,72,78,77,76,76,76,76,70,79,76,73,75,75,88,71,0,0.5,0,0.1,0.3,0.2,0.2,0,1.4,0.3,0.1,0.8,0.3,1.2,0,0,0,0,0,1.1,0.2,0.3,1.3,0,0,0,0.3,0.3,0.2,0.9,0,25.9,24.1,23.2,14.2,27.3,8.6,18.8,12.1,18.3,18.1,6.6,20.3,22.6,14.8,15.5,13,22.2,26.6,37.3,28.9,22,27.4,25.4,6.8,34.6,29.2,17.2,33.8,17.5,20.3,9.4,40,34.2,38.9,27.7,43.6,9.7,26.6,15.1,23.8,30.6,9.4,29.2,33.8,21.2,21.2,18,28.4,39.2,48.6,37.4,32.8,46.8,34.9,9.4,47.5,42.8,23.4,46.4,24.5,34.2,18.7,,,,,,,,,,,,,,,,,,,,,,,,,,,,,,,,,,,,,,,,,,,,,,,,,,,,,,,,,,,,,,,,,,,,,,,,,,,,,,,,,,,,,,,,,,,,,,,,,,,,,,,,,,,,,,,,,,,,,,,,,,,,,,,,,,,,,,,,,,,,,,,,,,,,,,,,,,,,,,,,,,,,,,,,,,,,,,,,,,,,,,,,,,,,,,,,,,,,,,,,,,,,,,,,,,,,,,,,,,,,,,,,,,,,,,,,,,,,,,,,,,,,,,,,,,,,,,,,22.2204,114.2127
2025-07-22T22:00,28,27.7,26.8,27.9,27.9,26.9,27.4,27.7,28.4,27.7,28.1,27.2,28.5,27.3,27.9,26.9,27.9,28.6,29.2,27.6,27.7,27.7,28,28.1,28.3,27.6,28.1,28.3,27.4,27.2,29.8,26.9,27.7,27.6,28.3,27.6,28.8,26.7,28.2,28.5,87,88,88,91,93,93,93,90,88,89,87,93,90,92,90,93,89,91,86,90,88,91,91,89,91,91,90,89,89,91,85,93,90,93,89,88,87,94,91,89,1.6,0.2,0,1,3.9,2.9,0,1.6,0.5,0,0.6,1.2,2.5,1,1.3,2.9,1.3,0.5,0.3,0.4,0.3,0.8,1.3,0.8,0,2.3,1,3.7,0,0,0.1,0.5,0.2,1.2,1.3,0.7,3,1.5,0.1,0.3,20.1,12.8,11.3,14.4,8.7,8.4,6.5,9.2,10.2,8.2,7.6,13.4,14.7,16.3,9.8,7.1,14.9,18.5,10.5,8.5,13.1,26.2,11.4,15,16.1,12,9.2,11.3,13.9,12.2,19.8,7.2,17.7,24.5,12.6,13.3,5.1,24.5,19.8,7.2,,,,,,,,,,,,,,,,,,,,,,,,,,,,,,,,,,,,,,,,,27.7,28.9,28.2,30.5,27.4,31,29.4,30.4,28.9,29.8,27.5,28.7,29.2,27.8,27.6,30.1,29.6,28.5,28.5,28.6,28.6,28.3,29.7,29.6,28.4,27.9,30,28.9,29.1,26.9,28.5,74,80,79,68,78,67,76,68,76,73,84,79,78,84,82,69,72,78,79,77,78,77,76,72,78,77,74,75,77,86,72,0,0.5,0,0.1,0.3,0.2,0.2,0,1.4,0.3,0.1,0.8,0.3,1.2,0,0,0,0,0,1.1,0.2,0.3,1.3,0,0,0,0.3,0.3,0.2,0.9,0,19.8,21.8,24.2,12.5,26.8,8.4,17.9,9.3,19.3,13.3,5.1,18.9,20.6,15.6,14.8,10.7,21.5,25.2,36.8,26.4,22,25.4,24,7.9,32.4,27.4,16.1,32,18.6,21.3,7.5,33.1,31,40.7,29.2,43.6,9.4,27,13,25.2,21.6,8.3,29.5,31.7,23,19.4,15.1,28.8,38.9,48.6,34.9,33.8,43.9,34.6,9.7,46.1,42.8,22,43.6,25.9,36.7,14.4,,,,,,,,,,,,,,,,,,,,,,,,,,,,,,,,,,,,,,,,,,,,,,,,,,,,,,,,,,,,,,,,,,,,,,,,,,,,,,,,,,,,,,,,,,,,,,,,,,,,,,,,,,,,,,,,,,,,,,,,,,,,,,,,,,,,,,,,,,,,,,,,,,,,,,,,,,,,,,,,,,,,,,,,,,,,,,,,,,,,,,,,,,,,,,,,,,,,,,,,,,,,,,,,,,,,,,,,,,,,,,,,,,,,,,,,,,,,,,,,,,,,,,,,,,,,,,,,22.2204,114.2127
2025-07-22T23:00,28,27.7,26.7,27.8,27.9,26.9,27.3,27.7,28.4,27.6,28,27.1,28.4,27.3,27.8,26.7,27.9,28.6,29,27.5,27.5,27.8,27.9,28.2,28.2,27.6,28,28.4,27.2,27.1,29.7,26.8,27.6,27.6,28.2,27.7,28.4,26.6,28.1,28.3,88,88,89,90,93,93,93,90,88,89,87,93,91,92,90,94,89,91,87,90,88,91,91,89,91,92,89,89,89,92,85,94,91,93,90,88,89,94,91,90,1.6,0.2,0,1,3.9,2.9,0,1.6,0.5,0,0.6,1.2,2.5,1,1.3,2.9,1.3,0.5,0.3,0.4,0.3,0.8,1.3,0.8,0,2.3,1,3.7,0,0,0.1,0.5,0.2,1.2,1.3,0.7,3,1.5,0.1,0.3,20.1,12.7,11.2,14,8.1,9.2,6,9.2,9.8,8.2,7.8,13.8,14.2,16.7,8.9,6.7,14.6,18.3,10.1,8.2,12.8,29.3,11.1,14.3,15.3,11.1,9.2,11.4,13.7,11.3,19.9,6.1,17.9,24.9,12.5,13.3,5.1,24.4,19.1,6.6,,,,,,,,,,,,,,,,,,,,,,,,,,,,,,,,,,,,,,,,,28,28.8,28.3,30.5,27.2,30.7,29.4,30.2,28.5,29.7,27.5,28.5,29.1,27.6,27.5,30,29.5,28.3,28.4,28.5,28.4,28.3,29.6,29.5,28.2,27.8,30,28.9,28.9,27,28.3,74,80,78,67,77,69,77,69,78,73,83,79,79,84,83,69,73,78,80,78,79,78,75,74,77,78,74,75,79,85,73,0,0.5,0,0.1,0.3,0.2,0.2,0,1.4,0.3,0.1,0.8,0.3,1.2,0,0,0,0,0,1.1,0.2,0.3,1.3,0,0,0,0.3,0.3,0.2,0.9,0,14,20,24.9,11.6,26.7,8.1,17.1,8.7,19.1,9,3.9,17.9,18.9,16.3,13.4,8.5,20.6,23.8,35.7,23.7,21.6,23.6,22.9,7.6,30,25.3,15.1,30.3,19.3,21.7,6.9,26.3,28.8,41.8,29.2,44.3,9.7,26.6,11.5,25.6,14.4,6.8,29.5,29.9,24.5,17.6,11.9,28.8,37.8,47.9,32.8,34.2,41,34.2,9.7,43.9,41,20.9,41.4,27,37.8,11.2,,,,,,,,,,,,,,,,,,,,,,,,,,,,,,,,,,,,,,,,,,,,,,,,,,,,,,,,,,,,,,,,,,,,,,,,,,,,,,,,,,,,,,,,,,,,,,,,,,,,,,,,,,,,,,,,,,,,,,,,,,,,,,,,,,,,,,,,,,,,,,,,,,,,,,,,,,,,,,,,,,,,,,,,,,,,,,,,,,,,,,,,,,,,,,,,,,,,,,,,,,,,,,,,,,,,,,,,,,,,,,,,,,,,,,,,,,,,,,,,,,,,,,,,,,,,,,,,22.2204,114.2127
2025-07-23T00:00,28,27.6,26.7,27.8,27.8,26.9,27.2,27.6,28.4,27.5,28,27.1,28.4,27.3,27.7,26.6,27.9,28.7,28.8,27.4,27.4,27.9,27.8,28.2,28.2,27.5,28,28.4,27.1,27,29.5,26.7,27.5,27.7,28.1,27.7,28.1,26.6,28.1,28,88,88,89,90,93,93,93,90,88,90,87,93,91,92,91,95,89,91,88,91,88,91,91,89,91,92,89,89,89,92,85,94,91,93,90,88,90,94,91,91,1.6,0.2,0,1,3.9,2.9,0,1.6,0.5,0,0.6,1.2,2.5,1,1.3,2.9,1.3,0.5,0.3,0.4,0.3,0.8,1.3,0.8,0,2.3,1,3.7,0,0,0.1,0.5,0.2,1.2,1.3,0.7,3,1.5,0.1,0.3,20.1,12.4,11.2,13.6,7.7,10.3,5.3,9.5,9.3,8.2,7.9,14.5,13.8,17.2,8.4,6.1,14.3,17.9,9.7,8.2,12.2,32.1,10.9,13.7,14.1,10.1,9.2,11.3,13.5,10.3,19.6,5.2,18.5,25,13,13.3,5.8,23.8,18.3,5.8,,,,,,,,,,,,,,,,,,,,,,,,,,,,,,,,,,,,,,,,,27.9,28.6,28.4,30.4,27,30.4,29.1,30.1,28.2,29.6,27.3,28.4,28.9,27.6,27.4,29.9,29.4,28.1,28.1,28.4,28.2,28.2,29.6,29.4,28.1,27.8,29.9,28.9,28.6,27,28.2,75,80,77,67,78,71,78,69,79,74,84,79,79,84,83,70,74,79,81,78,80,78,75,74,77,79,74,74,80,84,73,0,1.6,0,0,0.1,0.4,1.2,0.1,1.9,0.1,0.3,0.8,1.3,0.8,0.1,0,0,0.1,0.2,1.5,1.4,0.4,0.3,0,0.1,0,0.2,0,0.1,0.9,0,9.8,19.2,25.6,11.1,27.4,8.4,16.1,9,17.3,5,2.6,17.4,17.9,17.1,11.5,6.6,19.9,22.7,33.4,21.3,21.6,21.7,21.4,5.1,26.4,23,14.5,28.9,19.7,20.9,7,20.5,28.4,41.8,26.6,46.4,11.2,24.8,12.2,23.8,9.7,5,29.2,28.4,25.6,14.8,8.6,28.4,36,46.1,31.3,34.2,38.2,33.1,9,40.7,36.7,20.5,40.3,28.1,36.4,10.4,,,,,,,,,,,,,,,,,,,,,,,,,,,,,,,,,,,,,,,,,,,,,,,,,,,,,,,,,,,,,,,,,,,,,,,,,,,,,,,,,,,,,,,,,,,,,,,,,,,,,,,,,,,,,,,,,,,,,,,,,,,,,,,,,,,,,,,,,,,,,,,,,,,,,,,,,,,,,,,,,,,,,,,,,,,,,,,,,,,,,,,,,,,,,,,,,,,,,,,,,,,,,,,,,,,,,,,,,,,,,,,,,,,,,,,,,,,,,,,,,,,,,,,,,,,,,,,,22.2204,114.2127
2025-07-23T01:00,28,27.6,26.6,27.7,27.8,26.9,27.2,27.6,28.5,27.4,27.9,27.1,28.3,27.4,27.6,26.5,27.9,28.8,28.7,27.3,27.4,28,27.8,28.3,28.1,27.5,27.9,28.4,27,26.9,29.4,26.6,27.3,27.8,28,27.8,27.8,26.5,28.2,27.8,88,88,90,89,93,93,93,90,88,90,87,93,91,92,91,96,89,91,89,91,87,91,90,89,90,92,88,89,89,91,85,95,92,93,90,88,91,93,90,92,1.6,0.2,0,1,3.9,2.9,0,1.6,0.5,0,0.6,1.2,2.5,1,1.3,2.9,1.3,0.5,0.3,0.4,0.3,0.8,1.3,0.8,0,2.3,1,3.7,0,0,0.1,0.5,0.2,1.2,1.3,0.7,3,1.5,0.1,0.3,20.1,12.3,11.1,13.3,7.9,10.6,5,9.9,8.9,8.6,8.1,15,13,17.7,8,6.2,14,17.7,9,8.2,12.2,34.4,10.5,13.2,13.3,9.7,9.3,11.6,13.4,9.5,19,4.7,18.8,25.1,13.4,13.2,6.3,23.7,17.3,5.2,,,,,,,,,,,,,,,,,,,,,,,,,,,,,,,,,,,,,,,,,27.7,28.5,28.5,30.2,26.9,30.1,28.9,29.9,28.1,29.6,27,28.4,28.7,27.5,27.3,29.6,29.1,28,28,28.3,28,28.1,29.5,29.1,28,27.8,29.7,28.9,28.4,27,28.1,76,79,77,66,80,72,78,70,79,75,86,79,80,84,82,70,75,80,82,79,81,79,75,74,78,80,75,73,81,84,73,0,1.6,0,0,0.1,0.4,1.2,0.1,1.9,0.1,0.3,0.8,1.3,0.8,0.1,0,0,0.1,0.2,1.5,1.4,0.4,0.3,0,0.1,0,0.2,0,0.1,0.9,0,7.7,18.8,26,10.9,28.9,9.8,15.6,9.4,14.7,1.8,1.3,17.2,17.3,17.8,9.2,4.8,19,21.3,30.2,19.2,21.7,19.6,20.2,3.3,22.8,20.2,14.3,27.7,20.3,19.4,7.7,14.8,28.4,41,23.4,49.3,13.7,22.3,13.7,20.5,6.5,3.6,27.7,27.7,26.3,11.9,5.4,28.1,33.1,43.2,29.9,33.8,35.3,31.7,7.9,36.4,30.6,20.5,40,29.2,33.5,10.8,,,,,,,,,,,,,,,,,,,,,,,,,,,,,,,,,,,,,,,,,,,,,,,,,,,,,,,,,,,,,,,,,,,,,,,,,,,,,,,,,,,,,,,,,,,,,,,,,,,,,,,,,,,,,,,,,,,,,,,,,,,,,,,,,,,,,,,,,,,,,,,,,,,,,,,,,,,,,,,,,,,,,,,,,,,,,,,,,,,,,,,,,,,,,,,,,,,,,,,,,,,,,,,,,,,,,,,,,,,,,,,,,,,,,,,,,,,,,,,,,,,,,,,,,,,,,,,,22.2204,114.2127
2025-07-23T02:00,28,27.5,26.6,27.6,27.9,26.9,27.2,27.6,28.5,27.4,27.9,27.1,28.3,27.5,27.6,26.5,27.9,28.8,28.6,27.3,27.4,28,27.7,28.4,28.1,27.6,27.9,28.5,26.9,26.9,29.3,26.6,27.3,27.9,27.9,27.8,27.7,26.5,28.2,27.7,88,88,90,89,93,93,93,90,88,90,87,93,91,92,91,97,89,91,89,91,87,91,90,89,90,92,88,89,89,91,85,95,92,93,90,88,92,93,90,92,1.6,0.2,0,1,3.9,2.9,0,1.6,0.5,0,0.6,1.2,2.5,1,1.3,2.9,1.3,0.5,0.3,0.4,0.3,0.8,1.3,0.8,0,2.3,1,3.7,0,0,0.1,0.5,0.2,1.2,1.3,0.7,3,1.5,0.1,0.3,19.9,12.3,10.7,12.8,8,11.1,4.6,10.2,8.6,8.6,8.1,15.2,12.6,18.1,7.9,6.4,14,17.2,8.3,8.2,11.8,35.4,10.1,13.2,13,9.6,9.5,11.9,13.1,8.7,18.3,4.4,18.9,25.3,13.6,13.2,7,23.4,16.5,4.9,,,,,,,,,,,,,,,,,,,,,,,,,,,,,,,,,,,,,,,,,27.5,28.2,28.5,30,26.8,29.9,28.7,29.8,28,29.5,26.8,28.4,28.5,27.5,27.2,29.4,29,27.9,27.8,28.2,27.9,28,29.5,29,27.9,27.8,29.5,28.9,28.2,27,28,77,79,76,66,81,73,78,70,79,75,87,79,80,84,82,71,76,81,82,79,82,79,75,74,79,80,75,73,81,84,72,0,1.6,0,0,0.1,0.4,1.2,0.1,1.9,0.1,0.3,0.8,1.3,0.8,0.1,0,0,0.1,0.2,1.5,1.4,0.4,0.3,0,0.1,0,0.2,0,0.1,0.9,0,7.9,18.4,25,11.7,30.4,11.3,14.8,9.8,12.6,3.9,0.8,16.6,17.7,17.4,7.8,3.1,18.6,19.9,27.3,18.3,21,18.4,18.8,4.7,19.9,18.7,14,25.7,20.9,17.7,8.6,10.8,28.4,39.6,22,51.5,15.1,20.2,15.1,18,6.5,2.9,25.9,27.7,25.9,9.4,4,27.7,30.2,40.7,28.4,32.8,33.1,30.6,7.6,33.5,26.6,20.2,38.5,30.2,30.2,11.5,,,,,,,,,,,,,,,,,,,,,,,,,,,,,,,,,,,,,,,,,,,,,,,,,,,,,,,,,,,,,,,,,,,,,,,,,,,,,,,,,,,,,,,,,,,,,,,,,,,,,,,,,,,,,,,,,,,,,,,,,,,,,,,,,,,,,,,,,,,,,,,,,,,,,,,,,,,,,,,,,,,,,,,,,,,,,,,,,,,,,,,,,,,,,,,,,,,,,,,,,,,,,,,,,,,,,,,,,,,,,,,,,,,,,,,,,,,,,,,,,,,,,,,,,,,,,,,,22.2204,114.2127
2025-07-23T03:00,28.1,27.5,26.6,27.5,27.9,27,27.2,27.6,28.5,27.3,27.8,27.1,28.3,27.6,27.6,26.5,28,28.8,28.6,27.2,27.4,28.1,27.7,28.4,28,27.7,27.9,28.5,26.9,26.9,29.2,26.5,27.2,27.9,27.9,27.9,27.6,26.5,28.2,27.6,88,88,90,89,93,92,93,90,88,90,87,93,90,92,91,97,89,91,89,91,87,91,90,89,90,92,88,89,89,91,85,95,92,93,90,88,92,93,90,92,1.7,1.1,0,0.6,5.4,4.2,0.1,1.2,0.1,0.2,2.1,0.9,0.2,1.6,1.4,5.5,2,2.2,0.3,0.7,0.5,1.9,0.6,1.3,1.1,0.5,0.3,3.7,0,0,0.2,1.8,0.1,0,0.6,1.3,3.2,0.5,0,0.3,19.4,12.3,9.8,12.4,8.7,10.8,4.6,10.6,8.2,8.5,8.1,15.2,11.9,18.2,8.3,6.8,14,16.4,7.3,8.1,11.6,34.6,9.5,13.5,13,9.8,9.4,11.9,12.8,8.4,16.9,4.3,18.7,25.5,14,12.8,7.5,23.4,15.4,4.6,,,,,,,,,,,,,,,,,,,,,,,,,,,,,,,,,,,,,,,,,27.3,27.9,28.4,29.9,26.9,29.8,28.5,29.6,27.9,29.4,26.6,28.2,28.3,27.5,27.1,29.2,28.8,27.6,27.7,28.1,27.6,28,29.4,28.8,27.9,27.6,29.4,28.6,28.2,27,27.8,78,80,76,65,80,74,78,71,79,75,88,79,81,83,82,72,77,82,82,79,83,80,75,75,79,80,75,74,80,84,72,0,1.1,0,0,0.1,0.6,1.2,0,2.1,0,0.8,1.7,1.3,0.9,0,0,0.2,0.6,0.3,1.8,1.4,0.2,0.2,0,0.1,0.1,0.8,0.1,0.1,0.6,0,8.2,18.4,21.3,13.2,32.4,11.2,13.8,9.8,11.7,6.9,2.1,15.1,18.9,15.4,6.9,2.3,18.4,17.5,25.6,17.6,19.8,17.7,17.3,6.2,19.3,18.4,13.2,22.6,20.6,15.9,9.4,9.4,27.4,37.1,24.5,52.2,15.1,19.1,15.8,16.9,11.5,2.9,22.3,30.2,24.1,7.9,4.7,28.1,26.6,38.9,27.4,31.3,32.4,29.9,8.3,32.8,27,19.4,36,31,27.4,11.9,,,,,,,,,,,,,,,,,,,,,,,,,,,,,,,,,,,,,,,,,,,,,,,,,,,,,,,,,,,,,,,,,,,,,,,,,,,,,,,,,,,,,,,,,,,,,,,,,,,,,,,,,,,,,,,,,,,,,,,,,,,,,,,,,,,,,,,,,,,,,,,,,,,,,,,,,,,,,,,,,,,,,,,,,,,,,,,,,,,,,,,,,,,,,,,,,,,,,,,,,,,,,,,,,,,,,,,,,,,,,,,,,,,,,,,,,,,,,,,,,,,,,,,,,,,,,,,,22.2204,114.2127
2025-07-23T04:00,28.2,27.5,26.7,27.4,28,27.1,27.2,27.6,28.4,27.2,27.8,27.1,28.3,27.7,27.6,26.6,28,28.7,28.6,27.2,27.5,28.1,27.6,28.5,27.9,27.8,27.9,28.6,26.9,26.9,29.1,26.5,27.2,28,27.9,27.9,27.6,26.6,28.2,27.6,88,88,89,89,92,92,92,90,88,90,87,93,90,92,91,97,89,91,89,91,86,92,90,89,90,91,87,89,88,90,86,96,92,93,90,88,92,93,89,92,1.7,1.1,0,0.6,5.4,4.2,0.1,1.2,0.1,0.2,2.1,0.9,0.2,1.6,1.4,5.5,2,2.2,0.3,0.7,0.5,1.9,0.6,1.3,1.1,0.5,0.3,3.7,0,0,0.2,1.8,0.1,0,0.6,1.3,3.2,0.5,0,0.3,18.1,11.9,9,12.1,9.9,10.5,4.2,11,8,8.5,8,14.9,11.2,18.3,9.1,7.4,13.6,15.5,6.5,8.1,11.4,32.4,9.1,14.3,13,9.8,9.3,12.3,12.6,7.9,15.3,4.8,18.3,25.8,14.1,12.3,7.8,23.2,14.6,4.3,,,,,,,,,,,,,,,,,,,,,,,,,,,,,,,,,,,,,,,,,27,27.6,28.2,29.8,27,29.7,28.5,29.5,27.8,29.2,26.6,28,28.1,27.6,27.1,29,28.6,27.2,27.6,28.1,27.5,27.9,29.3,28.6,27.9,27.5,29.1,28.3,28.2,27,27.5,79,82,76,64,79,74,79,71,80,74,88,79,82,82,81,73,77,83,82,80,83,80,76,76,79,80,76,75,79,85,71,0,1.1,0,0,0.1,0.6,1.2,0,2.1,0,0.8,1.7,1.3,0.9,0,0,0.2,0.6,0.3,1.8,1.4,0.2,0.2,0,0.1,0.1,0.8,0.1,0.1,0.6,0,8.2,18.7,15.9,15.5,34.9,10.4,12.9,9.8,11.4,9.7,4,13.1,20.5,13,6,4,18.7,14.6,24.2,16.8,18.1,17.8,16.4,7.2,19.9,18.8,12.3,19.1,19.6,14.1,10.1,9.7,25.6,33.5,29.2,52.2,14.8,18.4,16.2,16.9,19.4,4.3,18,33.8,21.2,7.2,7.2,28.8,22.7,37.4,26.3,29.2,32.8,29.2,9.4,33.1,29.5,18.4,32.8,31.7,24.1,12.2,,,,,,,,,,,,,,,,,,,,,,,,,,,,,,,,,,,,,,,,,,,,,,,,,,,,,,,,,,,,,,,,,,,,,,,,,,,,,,,,,,,,,,,,,,,,,,,,,,,,,,,,,,,,,,,,,,,,,,,,,,,,,,,,,,,,,,,,,,,,,,,,,,,,,,,,,,,,,,,,,,,,,,,,,,,,,,,,,,,,,,,,,,,,,,,,,,,,,,,,,,,,,,,,,,,,,,,,,,,,,,,,,,,,,,,,,,,,,,,,,,,,,,,,,,,,,,,,22.2204,114.2127
2025-07-23T05:00,28.2,27.5,26.8,27.3,28.1,27.3,27.2,27.6,28.4,27.2,27.8,27.2,28.4,27.8,27.6,26.8,28.1,28.6,28.7,27.1,27.7,28.1,27.6,28.6,27.7,27.9,27.9,28.7,27,26.9,29.1,26.6,27.2,28,27.9,27.9,27.7,26.6,28.3,27.6,88,89,88,90,92,91,92,90,88,90,88,93,89,92,90,97,88,91,89,91,86,93,90,89,91,90,87,89,88,89,86,96,92,93,90,88,91,93,88,91,1.7,1.1,0,0.6,5.4,4.2,0.1,1.2,0.1,0.2,2.1,0.9,0.2,1.6,1.4,5.5,2,2.2,0.3,0.7,0.5,1.9,0.6,1.3,1.1,0.5,0.3,3.7,0,0,0.2,1.8,0.1,0,0.6,1.3,3.2,0.5,0,0.3,17.1,11.9,7.9,12,11,9.7,4.2,11.4,8.3,8,7.4,14.9,10.5,18,9.8,8.4,13.6,14.3,5.5,8.2,11.3,30,8.5,15,13.3,10.3,9.4,12.4,12.1,8,12.9,5.1,17.9,26.1,14.6,11.5,8.1,23.3,13.8,4.3,,,,,,,,,,,,,,,,,,,,,,,,,,,,,,,,,,,,,,,,,27,27.3,28.2,29.7,27.2,29.7,28.5,29.5,27.8,29.2,26.5,28,28,27.7,27.1,29,28.6,27,27.6,28.1,27.4,27.9,29.3,28.6,27.9,27.5,29,28.1,28.2,27,27.5,79,84,76,63,78,74,78,71,80,73,89,79,83,81,81,73,77,84,81,80,83,80,76,76,79,79,76,76,78,85,70,0,1.1,0,0,0.1,0.6,1.2,0,2.1,0,0.8,1.7,1.3,0.9,0,0,0.2,0.6,0.3,1.8,1.4,0.2,0.2,0,0.1,0.1,0.8,0.1,0.1,0.6,0,8.2,18.7,11.5,17.7,35.7,10.1,12.4,10.3,11.3,12.4,6.1,11.9,21.6,11.4,5.6,6.2,18.9,12.4,23.3,16.5,16.5,17.9,15.7,8.4,20.9,19.3,11.9,17.3,18.7,12.2,10.8,10.1,24.5,29.5,32.8,50.8,14.4,17.3,16.9,16.2,25.9,9,15.5,36.4,18.7,6.8,10.1,29.2,19.1,36,25.9,26.3,32.4,28.4,10.8,33.5,31.3,18,29.5,32,21.6,13.3,,,,,,,,,,,,,,,,,,,,,,,,,,,,,,,,,,,,,,,,,,,,,,,,,,,,,,,,,,,,,,,,,,,,,,,,,,,,,,,,,,,,,,,,,,,,,,,,,,,,,,,,,,,,,,,,,,,,,,,,,,,,,,,,,,,,,,,,,,,,,,,,,,,,,,,,,,,,,,,,,,,,,,,,,,,,,,,,,,,,,,,,,,,,,,,,,,,,,,,,,,,,,,,,,,,,,,,,,,,,,,,,,,,,,,,,,,,,,,,,,,,,,,,,,,,,,,,,22.2204,114.2127
2025-07-23T06:00,28.3,27.5,26.9,27.2,28.2,27.4,27.2,27.7,28.3,27.2,27.8,27.3,28.4,27.9,27.7,26.9,28.2,28.6,28.8,27.1,27.9,28.1,27.6,28.6,27.6,28.1,27.9,28.8,27.1,27,29,26.6,27.2,28.1,27.9,27.9,27.8,26.7,28.4,27.6,88,89,87,90,91,90,91,90,88,90,88,92,88,92,89,97,88,91,88,91,85,94,90,89,91,89,87,89,88,88,87,96,92,92,89,88,90,93,87,90,1.7,1.1,0,0.6,5.4,4.2,0.1,1.2,0.1,0.2,2.1,0.9,0.2,1.6,1.4,5.5,2,2.2,0.3,0.7,0.5,1.9,0.6,1.3,1.1,0.5,0.3,3.7,0,0,0.2,1.8,0.1,0,0.6,1.3,3.2,0.5,0,0.3,15.8,12.2,7,11.7,12.2,8.9,4.3,11.8,8.4,8,7.4,14.6,9.8,18,10.7,9.2,13.5,13.2,4.8,8.4,11.2,28.3,8.2,16.1,14.1,10.8,9.4,12.8,11.9,8.6,11,5.4,17.6,26.4,14.5,11.1,8.2,23.1,13,4.3,,,,,,,,,,,,,,,,,,,,,,,,,,,,,,,,,,,,,,,,,27.1,27.1,28.4,29.8,27.2,29.8,28.7,29.7,27.9,29.5,26.4,28,27.9,27.9,27.2,29.1,28.6,26.8,27.9,28.1,27.7,28,29.6,28.8,28,27.8,29.1,28.1,28.2,27,27.4,78,86,74,63,78,74,76,70,79,70,89,78,84,80,80,72,77,86,79,80,81,79,75,75,78,77,76,76,77,85,69,0,4.6,0,0,0.1,0.2,0.6,0,1.7,0,2.9,1.3,1.8,0.6,0.5,0,0.4,1.2,0.2,1.4,1.2,0,0.3,0,0,0.1,0.2,0,0,0.1,0,8.6,18,9.4,19.7,33.2,10.3,11.2,11,10.2,14.3,11.8,12.2,21.3,10.2,5.9,8.4,19.6,10.5,23.3,17.1,14.1,17.3,16.1,9.4,21.2,18.9,12.4,16.2,18.6,11.3,11.2,10.4,23.8,23.8,34.2,47.2,14.8,15.1,18,15.1,28.8,20.9,16.2,36,16.9,7.2,13,29.2,15.8,35.3,27,22.3,30.6,27.4,13,33.5,30.6,19.1,26.3,32.4,19.8,15.5,,,,,,,,,,,,,,,,,,,,,,,,,,,,,,,,,,,,,,,,,,,,,,,,,,,,,,,,,,,,,,,,,,,,,,,,,,,,,,,,,,,,,,,,,,,,,,,,,,,,,,,,,,,,,,,,,,,,,,,,,,,,,,,,,,,,,,,,,,,,,,,,,,,,,,,,,,,,,,,,,,,,,,,,,,,,,,,,,,,,,,,,,,,,,,,,,,,,,,,,,,,,,,,,,,,,,,,,,,,,,,,,,,,,,,,,,,,,,,,,,,,,,,,,,,,,,,,,22.2204,114.2127
2025-07-23T07:00,28.5,27.6,27.1,27.2,28.3,27.6,27.3,27.7,28.4,27.3,27.8,27.4,28.5,28.2,27.8,27.1,28.3,28.6,28.9,27.2,28.2,28.2,27.7,28.7,27.6,28.3,28,28.8,27.2,27.2,28.9,26.7,27.3,28.2,27.9,28,28,26.8,28.5,27.8,87,88,86,90,90,89,90,90,88,89,88,92,86,92,88,97,87,90,88,91,84,94,90,88,91,88,87,88,87,87,87,96,91,92,89,88,89,93,86,89,1.7,1.1,0,0.6,5.4,4.2,0.1,1.2,0.1,0.2,2.1,0.9,0.2,1.6,1.4,5.5,2,2.2,0.3,0.7,0.5,1.9,0.6,1.3,1.1,0.5,0.3,3.7,0,0,0.2,1.8,0.1,0,0.6,1.3,3.2,0.5,0,0.3,15.3,12.6,6.7,11.7,13.5,8.3,4.7,11.8,8.5,8.4,7.6,14.6,9.4,17.8,11.8,9.9,13.4,12.1,4.8,8.7,11.5,28,7.9,17.1,14.4,11.1,9.7,13,11.9,8.7,9.4,5.9,17.2,26.7,15,10.7,8.7,22.9,12.5,4.3,,,,,,,,,,,,,,,,,,,,,,,,,,,,,,,,,,,,,,,,,27.5,27,28.6,29.9,27.2,30,29,30.1,28.1,30.1,26.3,28,27.8,28,27.3,29.4,28.7,26.6,28.3,28.1,28.1,28.2,30,29,28.3,28.1,29.4,28.4,28.3,27.1,27.4,75,87,72,63,78,72,74,67,78,66,90,78,84,79,80,71,77,87,77,80,77,78,73,73,76,75,75,74,76,84,67,0,4.6,0,0,0.1,0.2,0.6,0,1.7,0,2.9,1.3,1.8,0.6,0.5,0,0.4,1.2,0.2,1.4,1.2,0,0.3,0,0,0.1,0.2,0,0,0.1,0,9.1,16.9,9,21.4,28.5,10.9,9.4,12,8.7,16.7,20.5,13.1,20.5,10.2,6.9,10.8,20.1,9.4,23.3,18.4,11.2,16.6,16.9,10.5,22,17.8,14.4,15,18.7,11,11.6,11.2,23.8,17.6,34.9,41.8,15.5,12.6,19.8,13.7,29.9,36,18.7,34.2,15.5,8.3,16.6,29.2,13.3,34.6,28.4,18,28.1,25.9,15.1,33.5,28.8,20.9,23.4,32.4,18.4,18.4,,,,,,,,,,,,,,,,,,,,,,,,,,,,,,,,,,,,,,,,,,,,,,,,,,,,,,,,,,,,,,,,,,,,,,,,,,,,,,,,,,,,,,,,,,,,,,,,,,,,,,,,,,,,,,,,,,,,,,,,,,,,,,,,,,,,,,,,,,,,,,,,,,,,,,,,,,,,,,,,,,,,,,,,,,,,,,,,,,,,,,,,,,,,,,,,,,,,,,,,,,,,,,,,,,,,,,,,,,,,,,,,,,,,,,,,,,,,,,,,,,,,,,,,,,,,,,,,22.2204,114.2127
2025-07-23T08:00,28.6,27.7,27.4,27.2,28.4,27.7,27.5,27.8,28.6,27.5,27.9,27.6,28.7,28.4,28,27.2,28.4,28.6,29,27.3,28.5,28.3,27.7,28.7,27.5,28.5,28.2,28.9,27.4,27.5,28.9,26.8,27.5,28.3,27.9,28,28.2,26.9,28.7,28,87,88,84,90,90,88,89,90,87,88,88,91,85,91,87,96,87,90,87,90,82,94,90,88,91,87,86,88,86,85,87,95,90,91,89,88,88,93,85,88,1.7,1.1,0,0.6,5.4,4.2,0.1,1.2,0.1,0.2,2.1,0.9,0.2,1.6,1.4,5.5,2,2.2,0.3,0.7,0.5,1.9,0.6,1.3,1.1,0.5,0.3,3.7,0,0,0.2,1.8,0.1,0,0.6,1.3,3.2,0.5,0,0.3,14.6,13.7,6.5,11.7,14,8.4,5.2,11.8,8.5,8.8,8,14.8,9.1,17.9,12.8,10.3,14.1,11.5,5.4,9,11.9,28.4,7.9,17.9,15.2,11.6,10.5,13.1,12.4,8.8,8.3,5.6,17.4,26.7,15,10.3,9.2,22.6,12.7,4.8,,,,,,,,,,,,,,,,,,,,,,,,,,,,,,,,,,,,,,,,,28.1,26.8,29.1,30.2,27.4,30.5,29.5,30.9,28.3,30.7,26.2,28.2,28,28.3,27.6,30,28.9,26.7,28.6,28.2,28.5,28.6,30.4,29.6,28.7,28.6,29.6,28.9,28.5,27.5,27.8,72,88,69,62,77,70,71,64,77,62,90,76,83,78,78,69,76,87,75,79,74,75,71,70,74,72,74,72,75,82,64,0,4.6,0,0,0.1,0.2,0.6,0,1.7,0,2.9,1.3,1.8,0.6,0.5,0,0.4,1.2,0.2,1.4,1.2,0,0.3,0,0,0.1,0.2,0,0,0.1,0,9.7,16.2,8.8,22.9,24.1,11,8.7,13.1,7.9,19.1,27.4,13.8,20.3,12,7.4,13,21.1,9.5,23.3,19.7,9.1,15.7,17.7,11.2,22.7,17.4,16.9,13.7,18.8,11.2,12.1,12.2,23.4,13.3,35.3,36.7,16.2,11.2,21.2,12.2,30.6,47.2,20.5,32.8,15.5,9,19.1,29.2,13.7,33.5,29.5,14.4,25.6,24.8,16.9,34.6,27.4,22.7,20.2,32,17.3,20.5,,,,,,,,,,,,,,,,,,,,,,,,,,,,,,,,,,,,,,,,,,,,,,,,,,,,,,,,,,,,,,,,,,,,,,,,,,,,,,,,,,,,,,,,,,,,,,,,,,,,,,,,,,,,,,,,,,,,,,,,,,,,,,,,,,,,,,,,,,,,,,,,,,,,,,,,,,,,,,,,,,,,,,,,,,,,,,,,,,,,,,,,,,,,,,,,,,,,,,,,,,,,,,,,,,,,,,,,,,,,,,,,,,,,,,,,,,,,,,,,,,,,,,,,,,,,,,,,22.2204,114.2127
2025-07-23T09:00,28.7,27.9,27.9,27.4,28.5,27.9,27.9,27.8,28.9,27.9,28,27.9,29.1,28.8,28.4,27.3,28.5,28.8,29.2,27.6,29,28.4,27.9,28.8,27.6,28.7,28.4,29,27.7,28.1,28.9,27,27.8,28.6,28,28,28.4,27.1,29,28.4,87,87,81,89,90,87,87,90,85,86,88,90,83,89,85,95,86,89,86,89,79,93,89,88,90,86,85,88,85,82,87,94,88,90,89,88,87,92,83,86,0.7,0.8,0,0.8,4.9,1.7,0.1,1.1,0.4,0.1,2.3,0.2,0.2,0.6,0.2,7.2,1.5,2.9,1,0.2,0,1.2,0.4,1.4,1.5,0.4,0.4,1.7,0,0,0.5,2.7,0.1,0.2,0.4,1.2,1.9,1.3,0,0.4,14.8,15.8,6.7,12.1,13.8,8.9,6.3,11.4,8,10,9,15.3,9.4,18,13.8,10.5,15.1,11.4,6.2,9.5,12.6,28.9,8.5,18.7,15.9,12.4,11.8,13.2,13.6,8.3,7.9,5.4,18.1,26.9,15,10.3,10.5,22.2,13.7,5.6,,,,,,,,,,,,,,,,,,,,,,,,,,,,,,,,,,,,,,,,,29.4,26.7,30.1,31,27.9,31.5,30.5,32,28.5,31.5,26.3,29,28.5,28.8,28.1,30.9,29.4,27.1,29,28.5,29,29.5,30.9,30.9,29.5,29.2,30,29.9,29.1,28.5,29,66,89,64,60,75,65,67,59,75,58,90,73,80,76,75,65,74,84,73,77,72,71,69,64,70,69,72,67,73,77,60,0,3.8,0,0,0.1,0,0.1,0,0.5,0,0.7,0.9,0.6,0.8,0,0,0.1,2.2,0.1,1.4,0.1,0,0.2,0,0,0,0.1,0,0,0.4,0,10.8,15.9,8.8,24.1,20.5,11.6,9.7,14.3,7.6,21,30,13.8,20.7,14.4,7.3,14.5,22.3,11.9,22.5,20.9,8.8,15.1,17.9,11.6,23.5,17.7,18.9,12.1,18.9,11.2,12.8,14.4,23,12.6,35.6,31.7,16.9,11.9,23,10.8,31.3,50.4,20.9,31.7,17.3,9,20.9,29.5,18.7,31.7,29.5,13,23,23.8,18,37.1,27,24.8,16.9,31,16.2,21.2,,,,,,,,,,,,,,,,,,,,,,,,,,,,,,,,,,,,,,,,,,,,,,,,,,,,,,,,,,,,,,,,,,,,,,,,,,,,,,,,,,,,,,,,,,,,,,,,,,,,,,,,,,,,,,,,,,,,,,,,,,,,,,,,,,,,,,,,,,,,,,,,,,,,,,,,,,,,,,,,,,,,,,,,,,,,,,,,,,,,,,,,,,,,,,,,,,,,,,,,,,,,,,,,,,,,,,,,,,,,,,,,,,,,,,,,,,,,,,,,,,,,,,,,,,,,,,,,22.2204,114.2127
2025-07-23T10:00,29,28.1,28.6,27.7,28.6,28.1,28.4,27.9,29.5,28.5,28.1,28.2,29.5,29.4,29,27.3,28.6,29,29.4,28,29.6,28.6,28.1,28.8,27.6,29,28.8,29.1,28.1,29,29,27.3,28.3,28.9,28,28,28.8,27.3,29.4,28.9,86,86,78,88,89,87,85,89,82,83,88,88,82,87,82,93,86,88,84,87,75,92,88,87,90,84,84,87,82,78,86,92,86,89,88,88,85,91,81,83,0.7,0.8,0,0.8,4.9,1.7,0.1,1.1,0.4,0.1,2.3,0.2,0.2,0.6,0.2,7.2,1.5,2.9,1,0.2,0,1.2,0.4,1.4,1.5,0.4,0.4,1.7,0,0,0.5,2.7,0.1,0.2,0.4,1.2,1.9,1.3,0,0.4,15.6,18.8,7.6,12.9,13.5,9.6,7.3,11,7.6,11.6,10,16.3,10,18.6,15.2,10.2,16.9,11.6,7.4,10.3,14.1,29.6,9.3,19.7,16.9,13.2,13.5,13.4,15.3,7.6,7.9,4.8,19.1,27.3,15.1,10.7,11.7,21.7,15.5,6.9,,,,,,,,,,,,,,,,,,,,,,,,,,,,,,,,,,,,,,,,,31,26.6,31.4,31.9,28.5,32.8,31.7,33.3,28.9,32.3,26.4,29.8,29.3,29.2,28.9,32.1,30,27.6,29.4,29,29.3,30.5,31.4,32.5,30.5,29.9,30.6,31.2,30,29.9,30.8,60,89,59,57,72,58,63,54,74,54,89,69,76,74,71,60,71,80,71,76,71,65,67,58,65,67,70,61,70,70,55,0,3.8,0,0,0.1,0,0.1,0,0.5,0,0.7,0.9,0.6,0.8,0,0,0.1,2.2,0.1,1.4,0.1,0,0.2,0,0,0,0.1,0,0,0.4,0,12.3,15.6,9.8,25.4,17.4,12.6,12,16.1,7.1,22.3,30.1,13.8,21.3,17.3,6.8,15.8,23.2,15.5,21.3,21.7,9.2,14.5,18.1,11.9,24.7,18.4,20.6,9.8,18.8,11.2,13.6,17.3,22.7,14,36,26.6,17.6,13.7,25.2,9.4,31.3,49.3,20.9,31,20.2,8.6,21.6,29.9,26.6,29.2,29.2,12.6,20.5,22.3,18,40.3,27,26.6,13.3,29.5,15.5,21.6,,,,,,,,,,,,,,,,,,,,,,,,,,,,,,,,,,,,,,,,,,,,,,,,,,,,,,,,,,,,,,,,,,,,,,,,,,,,,,,,,,,,,,,,,,,,,,,,,,,,,,,,,,,,,,,,,,,,,,,,,,,,,,,,,,,,,,,,,,,,,,,,,,,,,,,,,,,,,,,,,,,,,,,,,,,,,,,,,,,,,,,,,,,,,,,,,,,,,,,,,,,,,,,,,,,,,,,,,,,,,,,,,,,,,,,,,,,,,,,,,,,,,,,,,,,,,,,,22.2204,114.2127
2025-07-23T11:00,29.2,28.5,29.4,28.1,28.6,28.3,28.9,28.1,30.1,29.2,28.2,28.7,30.1,30,29.6,27.4,28.8,29.3,29.7,28.5,30.3,28.8,28.3,28.8,27.8,29.3,29.3,29.3,28.6,30,29.1,27.6,28.8,29.2,28.1,28,29.2,27.5,29.9,29.5,85,84,74,87,89,86,82,88,79,80,88,86,80,84,78,92,85,87,83,84,71,91,87,86,89,82,82,86,80,73,86,90,84,87,88,88,83,90,79,81,0.7,0.8,0,0.8,4.9,1.7,0.1,1.1,0.4,0.1,2.3,0.2,0.2,0.6,0.2,7.2,1.5,2.9,1,0.2,0,1.2,0.4,1.4,1.5,0.4,0.4,1.7,0,0,0.5,2.7,0.1,0.2,0.4,1.2,1.9,1.3,0,0.4,16.6,22.2,8.6,14.1,12.9,10.3,9.1,10.2,7.9,13.3,11.8,17.8,11,19.5,16.2,9.9,18.6,11.8,8.7,10.8,15.6,30,10.6,20.5,18.4,14,15.5,13.7,17.2,7,8.7,4.7,20.1,27.4,14.9,11,13.7,21,17.7,8.3,,,,,,,,,,,,,,,,,,,,,,,,,,,,,,,,,,,,,,,,,32.2,26.6,32.5,32.7,29,33.9,32.6,34.5,29.1,33.2,26.4,30.5,30.1,29.7,29.7,33.2,30.6,28.4,29.6,29.3,29.8,31.5,31.7,33.6,31.2,30.5,31.1,32.3,30.8,31,32,55,89,54,55,69,53,60,49,72,51,89,66,71,72,67,56,69,75,70,74,69,61,65,53,62,64,68,56,67,64,51,0,3.8,0,0,0.1,0,0.1,0,0.5,0,0.7,0.9,0.6,0.8,0,0,0.1,2.2,0.1,1.4,0.1,0,0.2,0,0,0,0.1,0,0,0.4,0,12.6,15.3,10.5,26.4,15.4,12.6,14,17.2,7,22.7,30.4,14,22,19.4,5.7,16.2,24.2,18.9,19.9,21.6,9.1,13.8,18.4,11.2,26.7,18.8,21.4,7.5,18.2,10.2,13.8,19.1,22,14.8,36.7,23.8,17.6,15.8,26.3,8.3,30.6,48.6,20.9,31,23,7.9,22,30.2,32.4,27,28.1,12.2,18.7,22,17.6,42.8,26.3,28.1,11.2,27.4,14.4,20.9,,,,,,,,,,,,,,,,,,,,,,,,,,,,,,,,,,,,,,,,,,,,,,,,,,,,,,,,,,,,,,,,,,,,,,,,,,,,,,,,,,,,,,,,,,,,,,,,,,,,,,,,,,,,,,,,,,,,,,,,,,,,,,,,,,,,,,,,,,,,,,,,,,,,,,,,,,,,,,,,,,,,,,,,,,,,,,,,,,,,,,,,,,,,,,,,,,,,,,,,,,,,,,,,,,,,,,,,,,,,,,,,,,,,,,,,,,,,,,,,,,,,,,,,,,,,,,,,22.2204,114.2127
2025-07-23T12:00,29.4,28.7,30.1,28.4,28.7,28.5,29.5,28.2,30.6,29.9,28.4,29.1,30.6,30.5,30.1,27.4,28.9,29.6,29.9,28.9,30.9,29,28.5,28.9,27.9,29.6,29.7,29.4,29.1,31,29.2,28,29.3,29.5,28.1,28,29.5,27.7,30.3,30.1,85,83,71,86,88,86,80,88,77,76,87,84,78,81,75,90,85,85,81,82,67,90,85,86,88,81,81,86,78,69,85,88,81,86,88,88,81,88,77,78,0.7,0.8,0,0.8,4.9,1.7,0.1,1.1,0.4,0.1,2.3,0.2,0.2,0.6,0.2,7.2,1.5,2.9,1,0.2,0,1.2,0.4,1.4,1.5,0.4,0.4,1.7,0,0,0.5,2.7,0.1,0.2,0.4,1.2,1.9,1.3,0,0.4,17.7,25.3,9.8,14.9,12.8,11.2,10.6,9.9,8.4,15,12.9,18.8,11.7,19.8,17.6,9.4,20.5,12.2,9.8,11.8,16.9,30,11.4,21.4,19.4,14.8,17.3,13.9,18.9,7.2,9,5.1,20.9,27.7,14.7,11.4,15.1,20.4,19.7,9.4,,,,,,,,,,,,,,,,,,,,,,,,,,,,,,,,,,,,,,,,,32.5,26.6,33.6,33,29.3,34.8,33,35.3,29.3,33.9,26.4,30.9,31.1,30.1,30.9,34.1,31.1,29.3,29.6,29.5,30.5,32.2,32,33.9,31.5,31.3,31.8,33,31.5,31.9,32.5,55,89,51,54,67,50,59,46,71,49,89,65,66,70,62,53,67,70,69,73,66,58,64,52,62,61,66,53,64,60,50,0,1.7,0,0,0.1,0,0,0,0.9,0,2.1,0,0.6,0.5,0,0,0,0.1,0.1,1.5,0,0,0.1,0,0,0,0.1,0,0,0.2,0,12.1,14.8,9.5,27,14.5,11.2,16.7,17.7,7.1,21.7,32,15,23.1,20.9,4.1,15,25.4,21.4,18.1,19.9,8.3,13.7,19,9,28.8,18.2,21.6,5.7,16.2,7.7,13.2,18.7,21.2,14.4,38.2,24.5,16.9,18.7,26.3,8.3,29.2,50,22,32.8,26.3,6.8,20.9,30.6,33.8,24.8,25.6,10.8,17.6,22.3,15.8,43.9,24.5,28.1,10.4,23.4,11.9,19.4,,,,,,,,,,,,,,,,,,,,,,,,,,,,,,,,,,,,,,,,,,,,,,,,,,,,,,,,,,,,,,,,,,,,,,,,,,,,,,,,,,,,,,,,,,,,,,,,,,,,,,,,,,,,,,,,,,,,,,,,,,,,,,,,,,,,,,,,,,,,,,,,,,,,,,,,,,,,,,,,,,,,,,,,,,,,,,,,,,,,,,,,,,,,,,,,,,,,,,,,,,,,,,,,,,,,,,,,,,,,,,,,,,,,,,,,,,,,,,,,,,,,,,,,,,,,,,,,22.2204,114.2127
2025-07-23T13:00,29.5,29,30.6,28.7,28.7,28.6,29.8,28.2,31.1,30.4,28.5,29.4,31,30.9,30.5,27.4,29,29.8,30,29.2,31.3,29.2,28.7,28.9,28,29.8,30,29.4,29.4,31.7,29.2,28.2,29.7,29.8,28.2,28,29.8,27.9,30.6,30.6,84,82,68,85,88,85,78,87,74,74,87,83,76,79,73,89,84,84,80,81,64,89,84,85,87,80,80,85,77,65,85,87,80,84,87,88,80,87,75,76,0.7,0.8,0,0.8,4.9,1.7,0.1,1.1,0.4,0.1,2.3,0.2,0.2,0.6,0.2,7.2,1.5,2.9,1,0.2,0,1.2,0.4,1.4,1.5,0.4,0.4,1.7,0,0,0.5,2.7,0.1,0.2,0.4,1.2,1.9,1.3,0,0.4,18.8,28,10.7,15.5,13.1,12.3,11.7,8.8,9.2,16.8,13.7,19.5,12.4,20.3,18.8,9.2,21.9,12.7,11,12.3,17.9,29.4,12.7,22.2,20.2,15.3,18.8,14.2,20.4,7.4,9.4,5.7,21.9,27.6,14.6,11.7,16.6,20.1,21.7,10.8,,,,,,,,,,,,,,,,,,,,,,,,,,,,,,,,,,,,,,,,,32.2,26.6,34.5,33.1,29.4,35.5,33,36,29.5,34.6,26.2,31,32.2,30.5,32,34.9,31.5,30.3,29.5,29.5,31.3,32.8,32.2,33.7,31.4,32.1,32.4,33.4,32.3,32.5,32.5,57,88,49,53,65,48,59,45,70,48,88,65,61,68,57,50,64,65,68,73,63,57,63,53,63,57,64,51,62,58,51,0,1.7,0,0,0.1,0,0,0,0.9,0,2.1,0,0.6,0.5,0,0,0,0.1,0.1,1.5,0,0,0.1,0,0,0,0.1,0,0,0.2,0,11.9,14.8,7,27.9,15.1,8.9,19.3,17.4,7.6,19.9,34.3,16.7,24.9,22,2.2,13,26.7,23.7,16.5,17.4,7.1,14.2,19.9,5.4,31.4,17.4,21.6,7.6,13.7,5.2,12,17.3,20.5,13.7,40,27.7,15.8,22.3,25.6,8.6,27,51.8,23,35.3,29.9,5.8,19.4,31.3,33.1,23,22.3,9.4,17.3,23,13,43.9,22,27.4,10.8,18.7,9.4,17.3,,,,,,,,,,,,,,,,,,,,,,,,,,,,,,,,,,,,,,,,,,,,,,,,,,,,,,,,,,,,,,,,,,,,,,,,,,,,,,,,,,,,,,,,,,,,,,,,,,,,,,,,,,,,,,,,,,,,,,,,,,,,,,,,,,,,,,,,,,,,,,,,,,,,,,,,,,,,,,,,,,,,,,,,,,,,,,,,,,,,,,,,,,,,,,,,,,,,,,,,,,,,,,,,,,,,,,,,,,,,,,,,,,,,,,,,,,,,,,,,,,,,,,,,,,,,,,,,22.2204,114.2127
2025-07-23T14:00,29.5,29.1,30.9,28.8,28.7,28.6,30,28.3,31.3,30.6,28.5,29.6,31.1,31.1,30.7,27.4,29.1,29.9,30,29.4,31.5,29.2,28.8,28.8,28,29.9,30.1,29.5,29.6,32,29.2,28.4,29.8,29.8,28.2,28,29.9,28,30.7,30.8,84,81,67,84,88,85,77,87,73,73,87,82,76,78,72,88,84,84,80,80,63,88,84,85,86,79,80,85,76,64,85,86,79,84,87,88,79,87,75,75,0.7,0.8,0,0.8,4.9,1.7,0.1,1.1,0.4,0.1,2.3,0.2,0.2,0.6,0.2,7.2,1.5,2.9,1,0.2,0,1.2,0.4,1.4,1.5,0.4,0.4,1.7,0,0,0.5,2.7,0.1,0.2,0.4,1.2,1.9,1.3,0,0.4,19.3,29.4,11.2,15.5,13.7,12.5,12.2,8.1,9.3,17.3,14,19.7,12.4,20.1,19.5,9,22.3,13,11.8,12.6,18,28.1,13,22.9,20.5,15.5,19.6,14,20.9,7.7,9.4,6.2,22.1,27,14.5,11.7,17.3,20.2,22.3,11.3,,,,,,,,,,,,,,,,,,,,,,,,,,,,,,,,,,,,,,,,,32.1,26.7,35,33.1,29.4,35.9,33,36.4,29.6,35,26.1,31,32.9,30.6,32.9,35.2,31.8,31,29.5,29.5,31.9,33,32.2,33.3,31.3,32.6,32.8,33.5,32.5,32.8,32.7,58,87,48,53,64,47,60,44,69,48,88,65,58,67,54,49,63,62,68,73,61,56,63,55,64,55,63,50,61,57,52,0,1.7,0,0,0.1,0,0,0,0.9,0,2.1,0,0.6,0.5,0,0,0,0.1,0.1,1.5,0,0,0.1,0,0,0,0.1,0,0,0.2,0,11.2,14.6,4.1,28.7,16,6,21.6,17.6,7.2,18,35.7,17.9,26.3,22.4,0.4,11,27.1,24.6,15.5,16.3,6.1,15.3,20.9,1.9,33,16.1,22.4,10.4,12.3,4.8,10,15.8,19.8,13,41.8,30.2,14.8,25.2,24.8,8.6,25.2,52.6,24.1,37.8,31.7,5.8,18.7,31.3,32,22,20.5,8.6,17.6,24.5,11.2,43.6,19.4,26.6,11.5,16.2,8.3,15.5,,,,,,,,,,,,,,,,,,,,,,,,,,,,,,,,,,,,,,,,,,,,,,,,,,,,,,,,,,,,,,,,,,,,,,,,,,,,,,,,,,,,,,,,,,,,,,,,,,,,,,,,,,,,,,,,,,,,,,,,,,,,,,,,,,,,,,,,,,,,,,,,,,,,,,,,,,,,,,,,,,,,,,,,,,,,,,,,,,,,,,,,,,,,,,,,,,,,,,,,,,,,,,,,,,,,,,,,,,,,,,,,,,,,,,,,,,,,,,,,,,,,,,,,,,,,,,,,22.2204,114.2127
2025-07-23T15:00,28.3,27.9,27.6,27.6,28,27.7,27.7,27.9,29.3,27.8,27.6,28.1,29,28.7,27.7,26.8,28.4,28.4,28.3,27.8,28.8,28.2,27.7,28.3,27.6,28.6,28.3,29.1,27.4,27.8,28.8,27.5,27.7,28.1,27.8,27.8,28.3,27.1,28.2,28.4,87,85,82,88,89,87,88,91,83,87,86,89,85,89,88,93,87,89,88,89,79,93,90,89,87,85,87,87,86,84,88,92,90,90,88,88,86,92,87,86,0.2,0,0,0.6,1,3.7,0,0.1,0.8,0,0.1,0,0.1,0.1,0.1,0.4,1.2,1.9,0.4,0.1,0,1.8,0.4,0,0.1,0,0.1,0.7,0,0,0.3,0.3,0,0.1,0.3,0.2,0.6,0.4,0,0,15,18.7,5.4,8.8,18.2,11.5,7.2,7.4,3.9,10.2,6.3,14.5,8.7,16.1,16.7,10.5,13.9,11.2,9.6,10,7.7,18.6,10,22.9,15.2,11.7,13.7,12,12.6,2.5,6.6,7.1,19.4,21.6,15.7,10,11.2,21.1,13.6,7.1,,,,,,,,,,,,,,,,,,,,,,,,,,,,,,,,,,,,,,,,,32.4,26.9,34.8,33.1,29.1,35.7,32.9,36.6,30,35,26.1,31.1,33,30.5,33.2,34.9,31.8,31.2,29.8,29.5,32.1,33,32.1,33,31.2,32.8,32.8,33.2,31.9,32.5,33,57,85,49,53,66,48,61,44,67,49,88,65,58,68,53,50,63,62,68,73,60,56,63,56,65,54,63,52,64,59,51,0,0.3,0,0,0.1,0,0,0,0.1,0,1.5,0,0,0,0,0.2,0,0,0,0.3,0,0,0,0,0,0,0,0,0.1,0,0,8.7,14.6,3.1,30.7,17.1,3.1,22.6,17.7,5.1,15.9,36.4,18.9,28.5,21.3,2.6,11.5,26.1,23.8,16.4,17.7,6.5,16.4,21.9,3.4,33.2,13.9,22.7,11.2,13.6,8.9,6.3,14.4,19.4,12.6,43.9,31.7,14.4,26.3,24.8,7.2,23.4,52.2,24.8,40.7,30.6,7.2,20.5,31,30.6,22,22.3,9.4,18.4,26.3,11.5,42.5,17.3,26.3,12.2,18,10.4,14.4,,,,,,,,,,,,,,,,,,,,,,,,,,,,,,,,,,,,,,,,,,,,,,,,,,,,,,,,,,,,,,,,,,,,,,,,,,,,,,,,,,,,,,,,,,,,,,,,,,,,,,,,,,,,,,,,,,,,,,,,,,,,,,,,,,,,,,,,,,,,,,,,,,,,,,,,,,,,,,,,,,,,,,,,,,,,,,,,,,,,,,,,,,,,,,,,,,,,,,,,,,,,,,,,,,,,,,,,,,,,,,,,,,,,,,,,,,,,,,,,,,,,,,,,,,,,,,,,22.2204,114.2127
2025-07-23T16:00,28.3,27.9,27.7,27.6,27.9,27.7,27.8,27.9,29.4,27.8,27.5,28.1,29,28.8,27.7,26.8,28.4,28.4,28.2,27.9,28.8,28.2,27.7,28.3,27.7,28.5,28.3,29.2,27.4,27.9,28.8,27.7,27.7,28,27.8,27.8,28.3,27.1,28.2,28.5,87,84,82,88,89,87,87,91,83,87,86,89,85,89,88,93,88,89,88,89,79,93,90,89,87,85,87,87,86,84,88,91,90,90,87,88,86,92,87,86,0.2,0,0,0.6,1,3.7,0,0.1,0.8,0,0.1,0,0.1,0.1,0.1,0.4,1.2,1.9,0.4,0.1,0,1.8,0.4,0,0.1,0,0.1,0.7,0,0,0.3,0.3,0,0.1,0.3,0.2,0.6,0.4,0,0,15.5,19.5,5.4,8.5,18.7,12.2,7.4,7,3.1,10.6,6.2,14.5,8.9,15.5,17.4,10.6,14,11.3,10.3,10.1,6.7,17.6,10.3,23.7,15.2,11.8,13.9,11.9,12.6,3.3,6.7,7.7,19.3,20.6,15.8,10,11.5,21.2,13.8,7.4,,,,,,,,,,,,,,,,,,,,,,,,,,,,,,,,,,,,,,,,,32.8,27.1,34,33,28.6,35.2,32.7,36.5,30.3,34.7,26.2,31.1,32.5,30.1,33,34,31.5,31,30.1,29.3,32.1,32.5,31.9,32.4,31.1,32.6,32.7,32.7,30.8,31.9,33.4,55,82,52,54,69,50,64,45,64,50,89,65,60,69,53,53,64,63,67,74,60,57,64,58,65,54,64,55,68,63,50,0,0.3,0,0,0.1,0,0,0,0.1,0,1.5,0,0,0,0,0.2,0,0,0,0.3,0,0,0,0,0,0,0,0,0.1,0,0,7,14.4,8,33.1,18.5,8.6,23,18.3,1.6,14,36.7,19.2,30.2,19.8,5.5,14.8,24.6,22.3,18,20.3,8.5,17.6,23.4,9.6,32.3,12.3,22.4,11.6,16.2,14.8,1.1,13,18.7,12.6,46.1,32.8,14.4,27,25.6,5.4,22,50.8,25.2,43.2,28.1,9.7,23.4,29.9,28.8,22.7,25.9,10.8,19.4,28.1,13.3,41,15.5,26.3,13,21.6,14.4,14,,,,,,,,,,,,,,,,,,,,,,,,,,,,,,,,,,,,,,,,,,,,,,,,,,,,,,,,,,,,,,,,,,,,,,,,,,,,,,,,,,,,,,,,,,,,,,,,,,,,,,,,,,,,,,,,,,,,,,,,,,,,,,,,,,,,,,,,,,,,,,,,,,,,,,,,,,,,,,,,,,,,,,,,,,,,,,,,,,,,,,,,,,,,,,,,,,,,,,,,,,,,,,,,,,,,,,,,,,,,,,,,,,,,,,,,,,,,,,,,,,,,,,,,,,,,,,,,22.2204,114.2127
2025-07-23T17:00,28.2,28,27.7,27.7,27.9,27.7,27.8,27.9,29.5,27.9,27.5,28.2,29.1,28.8,27.6,26.8,28.4,28.3,28.1,28,28.9,28.2,27.7,28.2,27.7,28.5,28.3,29.2,27.4,27.9,28.8,27.8,27.7,28,27.8,27.8,28.4,27.2,28.1,28.6,87,84,82,88,89,87,87,91,82,87,86,89,85,88,88,92,88,88,88,89,79,93,89,89,86,85,88,87,86,84,88,90,90,90,87,88,85,91,87,85,0.2,0,0,0.6,1,3.7,0,0.1,0.8,0,0.1,0,0.1,0.1,0.1,0.4,1.2,1.9,0.4,0.1,0,1.8,0.4,0,0.1,0,0.1,0.7,0,0,0.3,0.3,0,0.1,0.3,0.2,0.6,0.4,0,0,16.1,20.2,5.4,8.1,19.6,12.5,7.7,6.8,2.4,10.7,5.8,14.6,8.9,15.4,18.1,10.7,14.2,11.6,10.7,10.1,6,16.5,10.6,24.5,15.2,11.9,14.5,11.8,12.6,4.3,6.7,7.7,19.2,19.9,15.6,10,11.4,21.2,14.1,7.9,,,,,,,,,,,,,,,,,,,,,,,,,,,,,,,,,,,,,,,,,32.9,27.3,33.2,32.8,28.4,34.5,32.3,36.3,30.5,34.3,26.4,31,32,29.7,32.6,33.3,31.2,30.8,30.2,29.1,31.9,32.1,31.5,31.9,30.9,32.2,32.3,32.1,29.9,31.2,33.5,54,80,56,55,72,52,66,46,63,51,88,66,63,71,55,56,66,65,67,75,61,59,65,60,66,55,65,58,71,67,50,0,0.3,0,0,0.1,0,0,0,0.1,0,1.5,0,0,0,0,0.2,0,0,0,0.3,0,0,0,0,0,0,0,0,0.1,0,0,7.9,13.7,11.9,33.1,19.9,13.4,22.9,18.3,1.6,13.3,35.2,19.4,31.3,18.4,8,17.7,23,20.7,19,21.4,10,18.5,24.4,13.6,31,11.8,21.4,12.2,16.8,18.4,3.6,11.5,17.3,13,46.1,33.8,14.4,27,25.6,4.3,21.6,49,25.6,45,26.6,11.5,24.1,29.2,27.4,23.4,27.7,11.5,21.2,30.2,14,39.6,13.7,25.9,14,22.7,16.9,14,,,,,,,,,,,,,,,,,,,,,,,,,,,,,,,,,,,,,,,,,,,,,,,,,,,,,,,,,,,,,,,,,,,,,,,,,,,,,,,,,,,,,,,,,,,,,,,,,,,,,,,,,,,,,,,,,,,,,,,,,,,,,,,,,,,,,,,,,,,,,,,,,,,,,,,,,,,,,,,,,,,,,,,,,,,,,,,,,,,,,,,,,,,,,,,,,,,,,,,,,,,,,,,,,,,,,,,,,,,,,,,,,,,,,,,,,,,,,,,,,,,,,,,,,,,,,,,,22.2204,114.2127
2025-07-23T18:00,28.2,28,27.7,27.8,27.8,27.7,27.9,28,29.6,27.9,27.5,28.3,29.1,28.8,27.6,26.7,28.4,28.3,28,28.1,28.9,28.1,27.7,28.1,27.7,28.5,28.3,29.2,27.4,27.9,28.8,27.9,27.8,27.9,27.8,27.8,28.4,27.2,28,28.7,87,83,81,88,89,87,87,91,82,86,86,88,85,88,88,92,88,88,88,88,78,92,89,89,86,85,88,87,86,84,88,90,90,90,87,88,85,91,88,85,0.2,0,0,0.6,1,3.7,0,0.1,0.8,0,0.1,0,0.1,0.1,0.1,0.4,1.2,1.9,0.4,0.1,0,1.8,0.4,0,0.1,0,0.1,0.7,0,0,0.3,0.3,0,0.1,0.3,0.2,0.6,0.4,0,0,16.4,20.5,5.4,7.7,20.1,12.8,8.2,6.8,1.8,10.8,5.8,14.3,8.9,14.8,18.4,11.3,14,11.8,11.2,10.1,5.5,15.9,10.9,24.9,15.2,12.1,14.8,11.5,12.6,5,6.5,7.9,19.1,18.9,15.8,10,11.8,21,14,8.2,,,,,,,,,,,,,,,,,,,,,,,,,,,,,,,,,,,,,,,,,32.7,27.4,32.3,32.5,28.4,33.9,31.8,36,30.5,33.9,26.6,30.6,31.5,29.3,32,32.8,30.7,30.5,30,28.9,31.5,31.5,31,31.5,30.5,31.7,31.7,31.5,29.8,30.8,32.9,55,79,61,57,73,55,69,47,64,52,86,68,66,72,58,57,69,67,67,76,63,61,68,62,68,58,68,62,72,69,52,0,0,0.3,0,0,0,0.1,0,0,0,0.3,0.2,0,0,0,0.1,0,0.1,0,0.7,0,0.1,0,0,0.1,0,0,0.1,0,0.2,0,8.3,11.1,13.3,28.4,21.5,15.1,22.4,17.6,3.6,14.6,30.3,17.9,30,18,9.7,15.9,21.7,19.1,18.2,20.3,10,19.9,24.8,13.4,28.7,11.4,20.1,12.9,13.7,17.5,7.9,10.4,14,13.7,43.2,35.3,14.8,27,24.8,5,23.8,46.1,25.6,45,27.4,11.9,21.2,28.8,26.3,24.1,26.6,10.8,25.6,32,13,38.9,12.6,25.9,15.1,18.4,16.6,14.8,,,,,,,,,,,,,,,,,,,,,,,,,,,,,,,,,,,,,,,,,,,,,,,,,,,,,,,,,,,,,,,,,,,,,,,,,,,,,,,,,,,,,,,,,,,,,,,,,,,,,,,,,,,,,,,,,,,,,,,,,,,,,,,,,,,,,,,,,,,,,,,,,,,,,,,,,,,,,,,,,,,,,,,,,,,,,,,,,,,,,,,,,,,,,,,,,,,,,,,,,,,,,,,,,,,,,,,,,,,,,,,,,,,,,,,,,,,,,,,,,,,,,,,,,,,,,,,,22.2204,114.2127
2025-07-23T19:00,28.1,28,27.8,27.9,27.8,27.6,27.9,28,29.7,28,27.4,28.3,29.1,28.8,27.5,26.7,28.4,28.3,27.9,28.1,28.9,28.1,27.8,28.1,27.8,28.5,28.3,29.1,27.4,27.9,28.8,28,27.8,27.9,27.8,27.7,28.5,27.2,27.9,28.7,87,83,81,87,89,87,87,91,81,86,86,88,85,88,88,91,88,88,88,88,78,92,89,89,85,85,88,87,86,84,88,89,89,90,87,88,84,91,88,85,0.2,0,0,0.6,1,3.7,0,0.1,0.8,0,0.1,0,0.1,0.1,0.1,0.4,1.2,1.9,0.4,0.1,0,1.8,0.4,0,0.1,0,0.1,0.7,0,0,0.3,0.3,0,0.1,0.3,0.2,0.6,0.4,0,0,17,20.9,5.4,7,20.4,13.1,7.9,7,1.3,10.8,5.8,14.6,9.2,14.7,18.8,11.3,14.2,11.8,11.5,10.3,5.2,15.5,11.3,25.5,14.8,12.2,15,11.5,12.6,5.5,6.3,8.4,18.6,18.2,15.7,10.3,11.5,21.1,14.3,8.2,,,,,,,,,,,,,,,,,,,,,,,,,,,,,,,,,,,,,,,,,32.2,27.3,31.3,32.1,28.4,33.2,31.2,35.4,30.2,33.5,27,30.1,30.9,28.9,31.2,32.5,30.1,30,29.6,28.6,30.9,30.8,30.4,31.2,30,31,31,31,29.9,30.4,32,58,78,66,60,72,57,72,49,65,54,82,69,69,74,62,58,72,70,67,76,66,64,71,63,70,61,71,65,71,71,56,0,0,0.3,0,0,0,0.1,0,0,0,0.3,0.2,0,0,0,0.1,0,0.1,0,0.7,0,0.1,0,0,0.1,0,0,0.1,0,0.2,0,7.7,7.2,13,22,23.6,14.8,21.7,17,5.5,18.1,23.2,16.2,27.6,18.4,10.9,11.9,20.3,17.2,16.8,18,9.8,21.1,24.9,11.3,25.9,11.2,18.8,13.2,8.4,14.1,12,9.4,9.7,14.8,38.5,37.1,15.8,26.6,24.1,6.5,27,42.8,25.6,44.3,29.2,11.9,16.2,28.4,25.6,24.5,24.1,9.7,30.6,33.8,11.2,38.2,11.9,25.6,16.2,11.2,15.1,15.8,,,,,,,,,,,,,,,,,,,,,,,,,,,,,,,,,,,,,,,,,,,,,,,,,,,,,,,,,,,,,,,,,,,,,,,,,,,,,,,,,,,,,,,,,,,,,,,,,,,,,,,,,,,,,,,,,,,,,,,,,,,,,,,,,,,,,,,,,,,,,,,,,,,,,,,,,,,,,,,,,,,,,,,,,,,,,,,,,,,,,,,,,,,,,,,,,,,,,,,,,,,,,,,,,,,,,,,,,,,,,,,,,,,,,,,,,,,,,,,,,,,,,,,,,,,,,,,,22.2204,114.2127
2025-07-23T20:00,28.1,28,27.8,27.9,27.7,27.6,27.9,28,29.7,28,27.4,28.4,29.1,28.8,27.5,26.7,28.4,28.2,27.9,28.2,28.9,28.1,27.8,28,27.8,28.5,28.3,29.1,27.4,27.9,28.8,28,27.9,27.8,27.8,27.7,28.5,27.3,27.9,28.7,87,83,81,87,89,87,87,91,81,86,86,88,85,88,88,91,88,88,88,88,78,92,89,89,85,85,88,87,86,84,88,89,89,90,87,88,84,91,88,85,0.2,0,0,0.6,1,3.7,0,0.1,0.8,0,0.1,0,0.1,0.1,0.1,0.4,1.2,1.9,0.4,0.1,0,1.8,0.4,0,0.1,0,0.1,0.7,0,0,0.3,0.3,0,0.1,0.3,0.2,0.6,0.4,0,0,17.3,20.9,5.1,6.6,20.7,13.1,8.1,6.9,1.1,10.8,5.4,14.4,9.2,14.1,19.1,11.6,13.9,12.1,11.9,10.3,4.5,15.7,11.1,26,14.8,12.1,15.3,11.2,12.4,5.7,5.6,8.4,18.2,17.5,15.6,10.3,11.5,21.2,14.2,8.4,,,,,,,,,,,,,,,,,,,,,,,,,,,,,,,,,,,,,,,,,31.7,27.3,30.5,31.8,28.5,32.7,30.7,34.9,29.9,33,27.3,29.7,30.4,28.5,30.5,32.1,29.6,29.6,29.3,28.5,30.4,30.2,29.9,30.9,29.7,30.4,30.4,30.5,30,30,31.2,60,77,70,62,72,60,74,50,67,55,80,71,71,75,65,59,75,72,68,76,68,67,74,65,71,64,74,68,71,73,59,0,0,0.3,0,0,0,0.1,0,0,0,0.3,0.2,0,0,0,0.1,0,0.1,0,0.7,0,0.1,0,0,0.1,0,0,0.1,0,0.2,0,6.4,5.1,12.4,17.7,24.4,13.8,20.7,17,6.9,20.5,18.3,15.4,26,18.4,12.1,7.2,18.7,15.5,15.1,15.6,9,21.2,25.2,9.7,22.8,10.8,17.6,13.4,4.1,11.8,14.5,9.4,6.8,14.8,33.5,37.8,16.6,26.3,23.8,7.9,29.2,40.7,26.6,43.2,30.6,11.9,12.6,27.4,24.8,24.1,21.2,9,32.8,35.3,10.4,37.1,11.2,25.2,16.9,6.5,14,16.9,,,,,,,,,,,,,,,,,,,,,,,,,,,,,,,,,,,,,,,,,,,,,,,,,,,,,,,,,,,,,,,,,,,,,,,,,,,,,,,,,,,,,,,,,,,,,,,,,,,,,,,,,,,,,,,,,,,,,,,,,,,,,,,,,,,,,,,,,,,,,,,,,,,,,,,,,,,,,,,,,,,,,,,,,,,,,,,,,,,,,,,,,,,,,,,,,,,,,,,,,,,,,,,,,,,,,,,,,,,,,,,,,,,,,,,,,,,,,,,,,,,,,,,,,,,,,,,,22.2204,114.2127
2025-07-23T21:00,28,28,27.8,28,27.7,27.6,27.9,28.1,29.7,28.1,27.4,28.4,29,28.8,27.4,26.8,28.4,28.2,27.8,28.2,28.9,28,27.8,28,27.8,28.4,28.3,29.1,27.4,27.9,28.8,28.1,27.9,27.8,27.8,27.7,28.5,27.3,27.8,28.7,87,83,81,87,89,87,87,91,81,86,86,88,85,88,88,91,88,88,88,88,78,92,89,89,85,85,88,87,86,84,88,89,89,90,87,88,84,91,88,85,0.5,0.5,0,0.1,0.2,1.2,0,0.1,0,0,1.5,0,0.3,0.3,0.1,1.1,1.2,1.2,0.5,0.2,0,0.3,0,0.1,0.2,0,0.1,3.7,0,0.1,0.2,0.9,0,0.2,0.9,1.1,0.3,0.4,0,0.3,17.7,20.5,4.7,6.2,20.6,13,8.2,6.9,1.4,10.8,5.2,14.4,9,13.6,19.5,11.5,13.6,12,11.9,10.2,3.7,16.1,11,26.1,14.8,12,15.5,10.9,12.2,5.7,5,8.7,17.4,16.8,15.5,10.7,11.3,21.2,14.1,8.2,,,,,,,,,,,,,,,,,,,,,,,,,,,,,,,,,,,,,,,,,31.4,27.4,29.9,31.5,28.4,32.2,30.3,34.5,29.6,32.8,27.4,29.5,30,28.4,30.1,31.8,29.4,29.4,29.1,28.5,30.1,30,29.6,30.6,29.6,30,30.1,30.2,29.9,29.7,30.9,62,77,72,64,72,62,76,51,68,56,80,72,73,76,67,60,76,73,69,75,70,69,75,67,71,66,75,69,71,75,62,0.1,0,0.7,0.1,0,0,0.2,0,0,0,0,1.2,0,0,0,0,0,0.2,0,0.3,0,0.1,0,0,0,0,0.2,1,0.1,0,0.1,4.7,5.1,10.9,15,23.7,12.9,19.9,17,7.6,19.2,16.6,17.2,25.3,18.1,12.7,2.3,16.5,14.3,13.3,12.5,8,18.9,25.2,9.8,20.2,10.2,16.5,12.5,2.3,11,15.2,10.1,6.1,13.3,28.1,37.8,17.6,25.2,23.8,9.4,29.2,40.3,29.9,42.1,31,13,11.2,24.8,24.8,22.7,18,9.4,29.5,36.4,11.5,34.9,10.4,24.1,17.3,5.8,13.7,17.6,,,,,,,,,,,,,,,,,,,,,,,,,,,,,,,,,,,,,,,,,,,,,,,,,,,,,,,,,,,,,,,,,,,,,,,,,,,,,,,,,,,,,,,,,,,,,,,,,,,,,,,,,,,,,,,,,,,,,,,,,,,,,,,,,,,,,,,,,,,,,,,,,,,,,,,,,,,,,,,,,,,,,,,,,,,,,,,,,,,,,,,,,,,,,,,,,,,,,,,,,,,,,,,,,,,,,,,,,,,,,,,,,,,,,,,,,,,,,,,,,,,,,,,,,,,,,,,,22.2204,114.2127
2025-07-23T22:00,28,28,27.8,28,27.7,27.6,28,28.1,29.7,28.1,27.4,28.5,29,28.7,27.4,26.8,28.4,28.1,27.8,28.2,28.9,28,27.8,28,27.8,28.4,28.3,29,27.3,27.8,28.7,28.1,28,27.7,27.8,27.7,28.5,27.4,27.8,28.7,87,83,81,86,89,87,87,91,81,86,87,88,86,88,88,90,88,88,88,88,78,92,88,89,85,85,88,87,86,85,88,89,88,90,87,88,83,91,88,85,0.5,0.5,0,0.1,0.2,1.2,0,0.1,0,0,1.5,0,0.3,0.3,0.1,1.1,1.2,1.2,0.5,0.2,0,0.3,0,0.1,0.2,0,0.1,3.7,0,0.1,0.2,0.9,0,0.2,0.9,1.1,0.3,0.4,0,0.3,18,20.2,4.3,5.4,20.2,12.7,7.9,6.6,1.8,10.4,5.2,14.2,9.1,13.5,19.4,11.5,13.6,11.8,11.9,10.2,3.2,17,10.8,26.2,14.4,11.8,15.4,10.7,11.8,4.7,4.3,8.9,16.3,16.4,15.1,10.6,11,21,13.7,8.3,,,,,,,,,,,,,,,,,,,,,,,,,,,,,,,,,,,,,,,,,31,27.5,29.5,31.1,28.3,31.7,30,34,29.4,32.5,27.4,29.5,29.8,28.4,30,31.5,29.3,29.2,29,28.5,29.8,30,29.5,30.3,29.5,29.9,30,30,29.7,29.5,30.7,64,77,73,66,73,64,77,52,70,57,82,72,74,76,68,62,76,74,70,75,72,70,76,69,71,67,76,68,71,76,64,0.1,0,0.7,0.1,0,0,0.2,0,0,0,0,1.2,0,0,0,0,0,0.2,0,0.3,0,0.1,0,0,0,0,0.2,1,0.1,0,0.1,6.2,5.8,8.6,13.1,22.4,13.2,18.5,17.2,8.3,16.4,16.6,20.5,25.2,18.1,12.6,4.3,14.2,13.2,11.5,9.3,7.9,15.3,25.4,10.6,17.7,9.1,15.6,11.4,4.5,10.7,14.7,11.9,6.8,11.2,22.7,37.1,19.1,24.1,24.5,10.4,28.4,41.4,34.2,40.7,31,14,11.2,21.6,24.8,20.2,14,10.1,23.4,37.1,13.7,32,9.7,22.3,16.9,7.2,13.7,18.4,,,,,,,,,,,,,,,,,,,,,,,,,,,,,,,,,,,,,,,,,,,,,,,,,,,,,,,,,,,,,,,,,,,,,,,,,,,,,,,,,,,,,,,,,,,,,,,,,,,,,,,,,,,,,,,,,,,,,,,,,,,,,,,,,,,,,,,,,,,,,,,,,,,,,,,,,,,,,,,,,,,,,,,,,,,,,,,,,,,,,,,,,,,,,,,,,,,,,,,,,,,,,,,,,,,,,,,,,,,,,,,,,,,,,,,,,,,,,,,,,,,,,,,,,,,,,,,,22.2204,114.2127
2025-07-23T23:00,27.9,28,27.8,28,27.7,27.6,28,28.2,29.6,28.1,27.4,28.5,28.9,28.7,27.3,26.9,28.4,28.1,27.9,28.3,28.9,27.9,27.8,28,27.8,28.3,28.3,29,27.3,27.7,28.7,28.1,28,27.7,27.8,27.7,28.5,27.4,27.8,28.6,87,83,81,86,89,87,87,91,81,85,87,87,86,88,88,90,88,88,88,88,78,92,88,89,85,85,88,88,86,85,88,89,88,90,87,88,83,91,88,86,0.5,0.5,0,0.1,0.2,1.2,0,0.1,0,0,1.5,0,0.3,0.3,0.1,1.1,1.2,1.2,0.5,0.2,0,0.3,0,0.1,0.2,0,0.1,3.7,0,0.1,0.2,0.9,0,0.2,0.9,1.1,0.3,0.4,0,0.3,18.7,19.5,4,4.7,19.8,12.6,8,6.6,2.3,10.4,4.9,14.2,8.9,13,19.4,11.5,13.3,11.7,11.8,10,2.7,18,10.6,26,14.1,11.7,15.2,10.2,11.6,4,3.4,9.2,14.8,15.7,14.8,10.9,10.5,21.2,13.7,8.1,,,,,,,,,,,,,,,,,,,,,,,,,,,,,,,,,,,,,,,,,30.7,27.5,29.2,30.9,28.2,31.4,29.7,33.6,29.2,32.2,27.4,29.4,29.5,28.3,29.8,31.3,29.2,29.1,28.9,28.6,29.6,29.8,29.4,30,29.5,29.7,29.9,29.9,29.5,29.3,30.5,65,77,74,67,73,66,77,53,71,58,83,72,75,76,69,63,76,75,71,74,73,71,77,70,71,68,76,68,71,77,66,0.1,0,0.7,0.1,0,0,0.2,0,0,0,0,1.2,0,0,0,0,0,0.2,0,0.3,0,0.1,0,0,0,0,0.2,1,0.1,0,0.1,9.5,6.2,6.5,10.6,20.2,14.2,17.3,17.7,9.5,14.4,17.1,23,25.1,17.3,12.4,8.4,11.8,12.1,9.7,7.9,8.8,12.2,25.1,11.7,15.2,8.2,15.8,10.5,7.2,10.5,14.2,14,7.6,9.4,19.1,35.3,19.4,23.4,25.6,13,27.4,41.4,37.1,40.3,29.5,14.4,11.9,18.7,23.8,17.6,12.2,11.5,18,37.1,15.5,28.4,9.7,22.7,16.6,10.4,13.7,19.8,,,,,,,,,,,,,,,,,,,,,,,,,,,,,,,,,,,,,,,,,,,,,,,,,,,,,,,,,,,,,,,,,,,,,,,,,,,,,,,,,,,,,,,,,,,,,,,,,,,,,,,,,,,,,,,,,,,,,,,,,,,,,,,,,,,,,,,,,,,,,,,,,,,,,,,,,,,,,,,,,,,,,,,,,,,,,,,,,,,,,,,,,,,,,,,,,,,,,,,,,,,,,,,,,,,,,,,,,,,,,,,,,,,,,,,,,,,,,,,,,,,,,,,,,,,,,,,,22.2204,114.2127
2025-07-24T00:00,27.9,28,27.9,28.1,27.7,27.6,28,28.2,29.6,28.2,27.4,28.5,28.9,28.6,27.2,27,28.4,28,27.9,28.3,28.9,27.8,27.8,27.9,27.8,28.3,28.2,28.9,27.3,27.6,28.7,28.1,28,27.6,27.8,27.6,28.6,27.5,27.8,28.5,87,83,81,86,88,87,87,91,82,85,88,87,86,89,88,90,88,88,88,88,78,92,88,89,85,85,87,88,86,85,88,89,87,89,88,87,82,91,88,86,0.5,0.5,0,0.1,0.2,1.2,0,0.1,0,0,1.5,0,0.3,0.3,0.1,1.1,1.2,1.2,0.5,0.2,0,0.3,0,0.1,0.2,0,0.1,3.7,0,0.1,0.2,0.9,0,0.2,0.9,1.1,0.3,0.4,0,0.3,19.1,18.8,3.4,4.2,19.4,11.9,7.6,6.4,2.7,9.9,4.7,14.2,8.7,12.5,19.4,11.2,13,11.6,11.4,9.9,1.8,19.1,10,26.1,13.8,11.7,15,9.7,11,3,3,9.4,13,15,14,11.6,10,21.2,13.3,7.9,,,,,,,,,,,,,,,,,,,,,,,,,,,,,,,,,,,,,,,,,30.5,27.5,28.9,30.8,28.1,31.2,29.6,33.2,29,31.9,27.5,29.4,29.5,28.1,29.5,31,29.1,29,28.8,28.6,29.5,29.5,29.2,29.9,29.4,29.5,29.7,29.8,29.4,29.2,30.5,66,77,75,68,73,67,77,55,72,59,83,73,75,77,70,64,75,76,71,74,74,73,78,71,71,69,76,68,72,77,67,0,0,0.6,0,0,0,0.9,0,0,0,0.3,0.5,0,0,0.4,0,0,0.8,0,0.1,0,0.1,0,0,0.1,0,0.3,0.1,0,0,0,11.4,5.5,5.5,7.9,17.1,12.9,15.9,18.7,11.7,13.6,17.5,23.4,25.4,15.8,11.2,9.8,9.8,10.9,8,8.7,9.4,10.5,24.6,11.7,12.6,8.1,18,9.7,10.2,10.2,14,16.9,7.6,8.3,18.7,32,18,23,27.4,17.3,26.3,40.3,37.8,41.8,25.9,13.7,13.7,15.8,20.9,14.4,13.3,14.4,14.8,36.7,16.9,23.8,10.1,26.3,15.8,15.8,13.7,22.3,,,,,,,,,,,,,,,,,,,,,,,,,,,,,,,,,,,,,,,,,,,,,,,,,,,,,,,,,,,,,,,,,,,,,,,,,,,,,,,,,,,,,,,,,,,,,,,,,,,,,,,,,,,,,,,,,,,,,,,,,,,,,,,,,,,,,,,,,,,,,,,,,,,,,,,,,,,,,,,,,,,,,,,,,,,,,,,,,,,,,,,,,,,,,,,,,,,,,,,,,,,,,,,,,,,,,,,,,,,,,,,,,,,,,,,,,,,,,,,,,,,,,,,,,,,,,,,,22.2204,114.2127
2025-07-24T01:00,27.8,28,27.9,28.1,27.7,27.5,28,28.3,29.5,28.2,27.4,28.6,28.8,28.6,27.2,27.1,28.3,28,27.9,28.3,28.9,27.8,27.8,27.9,27.8,28.2,28.2,28.8,27.3,27.5,28.7,28,28.1,27.5,27.8,27.6,28.6,27.5,27.8,28.4,88,83,81,85,88,87,87,91,82,85,89,87,87,89,88,90,89,88,88,88,78,92,87,89,85,86,87,89,87,86,87,89,86,89,88,87,82,90,88,87,0.5,0.5,0,0.1,0.2,1.2,0,0.1,0,0,1.5,0,0.3,0.3,0.1,1.1,1.2,1.2,0.5,0.2,0,0.3,0,0.1,0.2,0,0.1,3.7,0,0.1,0.2,0.9,0,0.2,0.9,1.1,0.3,0.4,0,0.3,19.4,17.9,3.2,3.9,18.7,11.5,7.2,6.3,3.1,9.4,4.3,13.9,8.5,11.8,19.4,11.2,12.7,11.2,11.4,9.8,1.5,20.2,10,26,14.1,11.6,14.9,9.2,10.7,2.2,3.3,9.7,11.2,14.3,13.7,11.9,9.5,21.4,13,7.6,,,,,,,,,,,,,,,,,,,,,,,,,,,,,,,,,,,,,,,,,30.3,27.5,28.5,30.6,28,31.2,29.5,32.8,29,31.6,27.5,29.3,29.4,28,29.2,30.8,29,28.9,28.6,28.5,29.4,29.3,29,29.7,29.1,29.2,29.5,29.6,29.2,29.1,30.4,67,77,77,68,73,67,76,58,73,60,83,74,74,78,71,65,75,76,72,75,75,74,78,72,72,70,77,69,73,77,66,0,0,0.6,0,0,0,0.9,0,0,0,0.3,0.5,0,0,0.4,0,0,0.8,0,0.1,0,0.1,0,0,0.1,0,0.3,0.1,0,0,0,12.7,5.4,5.4,8.3,13.5,10.6,15,20,13.9,13.9,18.2,22.5,25.7,13.7,9.2,10.8,8.4,9.9,6.4,10.1,10.6,9.3,23.7,11.1,10.5,8.7,20.9,9.1,13.5,10.2,14.5,20.5,7.6,7.2,20.5,27.7,15.8,23,29.9,22.3,25.2,38.9,37.1,43.9,21.2,11.9,16.6,13.3,16.9,11.2,16.2,18,12.2,35.6,18.4,18,11.2,31.3,15.1,23,14,25.6,,,,,,,,,,,,,,,,,,,,,,,,,,,,,,,,,,,,,,,,,,,,,,,,,,,,,,,,,,,,,,,,,,,,,,,,,,,,,,,,,,,,,,,,,,,,,,,,,,,,,,,,,,,,,,,,,,,,,,,,,,,,,,,,,,,,,,,,,,,,,,,,,,,,,,,,,,,,,,,,,,,,,,,,,,,,,,,,,,,,,,,,,,,,,,,,,,,,,,,,,,,,,,,,,,,,,,,,,,,,,,,,,,,,,,,,,,,,,,,,,,,,,,,,,,,,,,,,22.2204,114.2127
2025-07-24T02:00,27.8,28,27.9,28.1,27.7,27.5,28.1,28.3,29.4,28.3,27.4,28.6,28.7,28.5,27.1,27.2,28.3,27.9,27.9,28.3,28.9,27.7,27.9,27.9,27.8,28.1,28.2,28.7,27.2,27.4,28.7,28,28.1,27.5,27.8,27.6,28.6,27.6,27.8,28.3,88,84,81,85,88,87,88,91,82,85,90,87,87,89,88,90,89,88,88,87,78,92,87,89,85,86,87,89,87,87,87,89,85,89,88,87,81,90,88,88,0.5,0.5,0,0.1,0.2,1.2,0,0.1,0,0,1.5,0,0.3,0.3,0.1,1.1,1.2,1.2,0.5,0.2,0,0.3,0,0.1,0.2,0,0.1,3.7,0,0.1,0.2,0.9,0,0.2,0.9,1.1,0.3,0.4,0,0.3,19.8,16.9,3.3,4.1,18,11.2,7.3,6.3,3.9,9.1,4.2,14.1,8,11.6,19.3,10.9,12.4,11.2,11,9.3,1.5,21.7,9.5,25.9,14.1,11.2,14.9,9,10.2,2.1,3.9,9.7,9.5,13.7,13,12.2,8.8,21.3,12.4,7.3,,,,,,,,,,,,,,,,,,,,,,,,,,,,,,,,,,,,,,,,,30.1,27.4,28.4,30.5,27.9,31.1,29.5,32.3,28.9,31.4,27.5,29.2,29.2,27.8,29.1,30.6,28.9,28.7,28.5,28.5,29.3,29,28.8,29.5,28.9,29,29.2,29.4,29,29.1,30.3,68,77,77,67,73,68,75,60,74,61,83,74,73,78,72,65,74,76,72,75,75,75,79,72,72,71,77,69,74,77,66,0,0,0.6,0,0,0,0.9,0,0,0,0.3,0.5,0,0,0.4,0,0,0.8,0,0.1,0,0.1,0,0,0.1,0,0.3,0.1,0,0,0,13.6,5.6,5,10.8,10.5,8.8,14.5,21.2,15.3,14.9,17.8,21.1,25,11.7,7.9,11.8,7.2,8.3,5.8,11.2,12.1,7.2,22.9,10.2,7.9,9,22.8,8.9,15.4,10.1,16.3,23.4,7.2,6.8,23,23.8,14,23.4,31.7,26.3,25.2,36.4,36,44.3,17.6,10.4,18.7,11.2,13.3,9,18.7,21.6,10.4,34.6,18.4,13.3,12.2,34.9,14.4,28.1,14.4,28.8,,,,,,,,,,,,,,,,,,,,,,,,,,,,,,,,,,,,,,,,,,,,,,,,,,,,,,,,,,,,,,,,,,,,,,,,,,,,,,,,,,,,,,,,,,,,,,,,,,,,,,,,,,,,,,,,,,,,,,,,,,,,,,,,,,,,,,,,,,,,,,,,,,,,,,,,,,,,,,,,,,,,,,,,,,,,,,,,,,,,,,,,,,,,,,,,,,,,,,,,,,,,,,,,,,,,,,,,,,,,,,,,,,,,,,,,,,,,,,,,,,,,,,,,,,,,,,,,22.2204,114.2127
2025-07-24T03:00,27.7,28,27.9,28.1,27.7,27.5,28.1,28.4,29.3,28.3,27.4,28.6,28.6,28.4,27,27.2,28.3,27.9,28,28.3,28.9,27.6,27.9,27.9,27.8,28.1,28.1,28.6,27.2,27.2,28.7,28,28.2,27.4,27.8,27.6,28.6,27.6,27.8,28.2,88,84,81,85,88,86,88,90,83,85,90,87,88,89,88,89,89,88,88,87,78,92,87,89,85,86,86,89,87,87,87,89,85,89,88,87,81,90,88,88,0.5,0.5,0,0.1,0.2,1.2,0,0.1,0,0,1.5,0,0.3,0.3,0.1,1.1,1.2,1.2,0.5,0.2,0,0.3,0,0.1,0.2,0,0.1,3.7,0,0.1,0.2,0.9,0,0.2,0.9,1.1,0.3,0.4,0,0.3,20.2,16.2,3.4,4.3,17.3,10.4,7.2,5.9,4.2,8.7,3.6,13.8,7.8,11.2,19.2,10.5,11.9,10.8,10.6,9.2,1.6,22.9,9,25.6,14.2,11.1,14.8,8.3,10,2.9,4.8,10.2,8,13,12.4,12.6,8.7,21.3,12.1,7.5,,,,,,,,,,,,,,,,,,,,,,,,,,,,,,,,,,,,,,,,,29.9,27.4,28.5,30.4,27.6,30.9,29.4,31.9,28.8,31.1,27.5,29.1,29.1,27.7,29,30.5,28.8,28.5,28.4,28.5,29.1,28.9,28.6,29.4,28.8,28.9,29,29.2,29,29,30.2,69,76,76,65,74,69,76,62,75,61,82,74,72,78,72,65,74,76,73,75,75,75,80,72,72,71,77,70,75,77,66,0,0,0,0,0,0,1.1,0,0,0.3,0.1,0.3,0,0,0.5,0,0,0,0,0.3,0,0.7,0.1,0.1,0.1,0,0,0,0,0,0,14.1,5,4.3,13.1,8.7,8.8,14.8,21.1,15.5,15.8,15.8,19.5,22.3,10.7,6.9,12,7,5.7,6.2,11.9,14.4,4.5,21.5,9,5.4,9,22.6,8.6,15.9,9.7,18.3,25.6,6.1,7.2,26.3,19.8,13,23.8,32.8,27.7,27.4,32.4,34.9,41.4,16.2,9,19.4,9.7,10.8,9,20.5,25.9,9,33.1,15.8,9.7,13.3,35.6,14.4,29.9,14.8,32.4,,,,,,,,,,,,,,,,,,,,,,,,,,,,,,,,,,,,,,,,,,,,,,,,,,,,,,,,,,,,,,,,,,,,,,,,,,,,,,,,,,,,,,,,,,,,,,,,,,,,,,,,,,,,,,,,,,,,,,,,,,,,,,,,,,,,,,,,,,,,,,,,,,,,,,,,,,,,,,,,,,,,,,,,,,,,,,,,,,,,,,,,,,,,,,,,,,,,,,,,,,,,,,,,,,,,,,,,,,,,,,,,,,,,,,,,,,,,,,,,,,,,,,,,,,,,,,,,22.2204,114.2127
2025-07-24T04:00,27.7,28,27.9,28.2,27.7,27.5,28.1,28.4,29.2,28.3,27.4,28.6,28.5,28.4,27,27.3,28.2,27.8,28,28.3,28.8,27.6,27.9,27.9,27.8,28,28.1,28.5,27.2,27.1,28.6,27.9,28.2,27.4,27.8,27.6,28.6,27.7,27.8,28.1,88,84,81,84,88,86,88,90,83,84,91,87,88,90,88,89,89,88,87,87,78,91,86,89,85,86,86,90,87,88,87,89,84,89,89,87,81,90,87,89,0.5,0.5,0,0.1,0.2,1.2,0,0.1,0,0,1.5,0,0.3,0.3,0.1,1.1,1.2,1.2,0.5,0.2,0,0.3,0,0.1,0.2,0,0.1,3.7,0,0.1,0.2,0.9,0,0.2,0.9,1.1,0.3,0.4,0,0.3,20.5,15.7,3.9,4.8,16.3,10.1,7,6.1,5,8.2,3.6,13.8,7.6,10.8,19.2,10.2,11.6,10.5,10.2,9.1,2.2,24.1,8.6,25.6,14.3,10.7,14.8,7.8,9.5,4.3,5.7,10.2,6.6,12.9,11.7,13,8.4,21.3,12,7.3,,,,,,,,,,,,,,,,,,,,,,,,,,,,,,,,,,,,,,,,,29.6,27.4,28.8,30.2,27.5,30.7,29.2,31.4,28.6,31,27.5,29,29,27.6,29,30.5,28.6,28.4,28.1,28.5,29,28.6,28.4,29.3,28.6,28.7,29,29,29,28.9,30.1,70,75,74,63,75,70,77,65,76,62,81,73,72,78,72,65,75,76,74,76,75,75,81,73,72,71,76,71,75,77,66,0,0,0,0,0,0,1.1,0,0,0.3,0.1,0.3,0,0,0.5,0,0,0,0,0.3,0,0.7,0.1,0.1,0.1,0,0,0,0,0,0,14.3,3.5,5.6,15.5,7.9,9.5,15.9,20.4,15.3,16.6,13.6,18.1,19.5,10.5,6.1,12,6.7,3.9,7.1,12.7,16.3,3.3,19.9,7.5,3.7,8.5,21.3,8.6,15.7,9.2,20.9,27.4,4.3,8.3,29.9,15.8,12.6,24.5,33.1,27.7,30.6,27.4,33.5,36.7,15.8,7.6,19.8,9.4,8.6,9.7,21.6,30.6,8.3,32,11.9,6.5,14.4,34.6,14.4,29.9,15.5,35.6,,,,,,,,,,,,,,,,,,,,,,,,,,,,,,,,,,,,,,,,,,,,,,,,,,,,,,,,,,,,,,,,,,,,,,,,,,,,,,,,,,,,,,,,,,,,,,,,,,,,,,,,,,,,,,,,,,,,,,,,,,,,,,,,,,,,,,,,,,,,,,,,,,,,,,,,,,,,,,,,,,,,,,,,,,,,,,,,,,,,,,,,,,,,,,,,,,,,,,,,,,,,,,,,,,,,,,,,,,,,,,,,,,,,,,,,,,,,,,,,,,,,,,,,,,,,,,,,22.2204,114.2127
2025-07-24T05:00,27.6,28,28,28.2,27.8,27.5,28.1,28.5,29.1,28.4,27.4,28.6,28.5,28.3,26.9,27.4,28.2,27.8,28.1,28.3,28.8,27.5,27.9,27.9,27.8,27.9,28.1,28.4,27.1,27,28.7,27.9,28.3,27.3,27.8,27.6,28.6,27.7,27.7,28,88,84,81,84,88,86,88,90,84,84,92,87,88,90,88,89,89,88,87,87,78,91,86,89,85,87,86,90,87,88,87,89,83,89,89,86,80,90,87,89,0.5,0.5,0,0.1,0.2,1.2,0,0.1,0,0,1.5,0,0.3,0.3,0.1,1.1,1.2,1.2,0.5,0.2,0,0.3,0,0.1,0.2,0,0.1,3.7,0,0.1,0.2,0.9,0,0.2,0.9,1.1,0.3,0.4,0,0.3,20.9,15.5,4.1,5.4,15.6,9.4,6.9,6.4,5.4,7.8,3.6,13.6,7.6,10.6,19.2,9.8,11.3,10.5,9.8,9.1,2.9,25.2,8.3,25.7,14.4,10.7,14.4,7.6,9.5,5.6,6.9,10.5,5.6,12.3,11.1,13.3,8.5,21,11.8,7.2,,,,,,,,,,,,,,,,,,,,,,,,,,,,,,,,,,,,,,,,,29.6,27.4,29.1,30.2,27.4,30.6,29.1,31,28.6,30.8,27.5,29,29,27.7,29.2,30.4,28.7,28.3,28.1,28.5,29,28.6,28.3,29.3,28.7,28.6,28.9,28.9,29.1,29,30.1,70,74,73,61,75,70,77,66,75,62,80,72,71,77,71,64,74,76,74,76,75,74,81,72,72,71,76,71,75,77,66,0,0,0,0,0,0,1.1,0,0,0.3,0.1,0.3,0,0,0.5,0,0,0,0,0.3,0,0.7,0.1,0.1,0.1,0,0,0,0,0,0,14.6,2.7,7.4,18,8.2,9.4,17.3,19.6,15.2,17.7,12.9,15.6,16.6,10.2,5.3,12.2,6.6,5.4,7.9,12.1,17.8,5.8,18.7,6.3,3,8.9,20.2,8.2,15.9,9.3,22.7,28.8,3.6,9,33.5,13.3,12.2,25.9,33.1,28.4,33.1,24.1,30.6,32,15.1,6.8,21.2,8.6,7.9,10.4,21.6,33.1,9,30.6,9,5.4,15.1,33.5,14,29.9,16.2,38.2,,,,,,,,,,,,,,,,,,,,,,,,,,,,,,,,,,,,,,,,,,,,,,,,,,,,,,,,,,,,,,,,,,,,,,,,,,,,,,,,,,,,,,,,,,,,,,,,,,,,,,,,,,,,,,,,,,,,,,,,,,,,,,,,,,,,,,,,,,,,,,,,,,,,,,,,,,,,,,,,,,,,,,,,,,,,,,,,,,,,,,,,,,,,,,,,,,,,,,,,,,,,,,,,,,,,,,,,,,,,,,,,,,,,,,,,,,,,,,,,,,,,,,,,,,,,,,,,22.2204,114.2127
2025-07-24T06:00,27.6,28,28,28.2,27.8,27.5,28.1,28.5,29.1,28.4,27.4,28.6,28.4,28.2,26.9,27.5,28.2,27.8,28.1,28.3,28.8,27.5,28,27.9,27.8,27.9,28.1,28.3,27.1,26.9,28.7,27.9,28.3,27.3,27.8,27.6,28.6,27.8,27.7,28,88,85,81,84,87,86,88,90,84,84,92,87,89,90,88,89,89,88,87,87,79,91,86,89,85,87,85,91,87,89,86,89,83,88,89,86,80,90,87,90,0.5,0.5,0,0.1,0.2,1.2,0,0.1,0,0,1.5,0,0.3,0.3,0.1,1.1,1.2,1.2,0.5,0.2,0,0.3,0,0.1,0.2,0,0.1,3.7,0,0.1,0.2,0.9,0,0.2,0.9,1.1,0.3,0.4,0,0.3,21.3,15,4.7,5.8,15,9,6.8,6.7,5.7,7.8,3.6,13.6,7.5,10,19.2,9.9,11.1,10.2,9.5,8.7,3.3,26,8.4,25.5,14.8,10.3,14.4,7.1,9.1,6.4,7.4,10.7,5,11.8,10.5,13.7,8.7,20.9,11.6,7.2,,,,,,,,,,,,,,,,,,,,,,,,,,,,,,,,,,,,,,,,,29.8,27.6,29.3,30.5,27.5,30.7,29.2,31,28.9,30.7,27.5,29.1,29,28,29.5,30.3,28.9,28.4,28.2,28.7,29.1,28.9,28.5,29.5,28.9,28.8,28.9,29,29.4,29.1,30,69,73,73,59,75,70,77,66,72,63,79,71,71,75,70,63,72,75,73,76,74,73,80,71,71,70,76,70,73,77,66,0,0,0,0,0,0,0.4,0,0,0,0.8,0,0,0,0,0,0,0,0,0.6,0,0,0.1,0.1,0,0,0,0.1,0,0,0,15.4,3.2,8.4,20,8.7,8.5,19.2,18.6,15.8,18.5,12.6,11.8,14.1,9,4.7,13.5,5.8,7.5,7.5,9.4,17.8,9.2,18.1,6.5,4.5,9.2,19.9,7.6,17.1,10.2,23.7,29.5,4.3,9.7,36.4,12.2,12.6,28.1,32,30.6,34.2,23.4,24.8,27.4,13.3,7.2,24.8,7.9,10.1,10.1,18.7,32.4,13.3,29.5,9,6.8,15.8,32.4,12.6,31,16.9,38.9,,,,,,,,,,,,,,,,,,,,,,,,,,,,,,,,,,,,,,,,,,,,,,,,,,,,,,,,,,,,,,,,,,,,,,,,,,,,,,,,,,,,,,,,,,,,,,,,,,,,,,,,,,,,,,,,,,,,,,,,,,,,,,,,,,,,,,,,,,,,,,,,,,,,,,,,,,,,,,,,,,,,,,,,,,,,,,,,,,,,,,,,,,,,,,,,,,,,,,,,,,,,,,,,,,,,,,,,,,,,,,,,,,,,,,,,,,,,,,,,,,,,,,,,,,,,,,,,22.2204,114.2127
2025-07-24T07:00,27.6,28,28,28.3,27.8,27.5,28.1,28.5,29,28.4,27.4,28.6,28.3,28.2,26.9,27.5,28.2,27.8,28.2,28.3,28.8,27.5,28,27.9,27.8,27.8,28.1,28.3,27.1,26.9,28.7,27.8,28.4,27.2,27.9,27.6,28.5,27.8,27.7,27.9,88,85,81,83,87,86,88,90,84,84,93,87,89,90,88,89,89,88,87,87,79,91,85,89,85,87,85,91,87,89,86,89,82,88,89,86,80,90,87,90,0.5,0.5,0,0.1,0.2,1.2,0,0.1,0,0,1.5,0,0.3,0.3,0.1,1.1,1.2,1.2,0.5,0.2,0,0.3,0,0.1,0.2,0,0.1,3.7,0,0.1,0.2,0.9,0,0.2,0.9,1.1,0.3,0.4,0,0.3,21.3,14.5,5.1,6.1,14.3,8.3,6.8,6.8,6,7.3,3.4,13.3,7.4,9.8,19.1,9.5,10.8,10.2,9.5,8.7,3.4,26.8,8,25.6,14.9,10,14.1,7.4,8.7,7.3,8.1,10.7,5.2,11.4,9.8,14.1,9,20.9,11.3,7.6,,,,,,,,,,,,,,,,,,,,,,,,,,,,,,,,,,,,,,,,,30.2,27.9,29.5,30.9,27.6,30.9,29.4,31,29.2,30.6,27.4,29.2,29.1,28.2,29.8,30.1,29.2,28.6,28.5,29,29.3,29.2,28.7,29.9,29.2,29,29,29.3,29.8,29.5,30,67,71,72,57,74,68,76,66,68,63,79,70,70,73,68,62,69,74,70,75,73,71,78,69,69,69,77,68,70,76,65,0,0,0,0,0,0,0.4,0,0,0,0.8,0,0,0,0,0,0,0,0,0.6,0,0,0.1,0.1,0,0,0,0.1,0,0,0,16.3,4.5,8.7,21.9,9.4,8.7,21.6,17.3,17.3,19.2,12.1,8.9,11.3,8.1,5.2,15.5,5.8,9.7,7.1,6.4,16.9,12.8,17.8,7.2,7.1,9.4,20.3,7.1,19,11.5,24.5,29.9,5.8,10.4,38.9,12.6,13.3,30.6,30.2,33.5,34.2,24.5,18,22.7,11.2,8.3,29.5,7.6,13.7,9,14.8,29.9,19.1,28.4,10.4,10.1,16.6,31.3,10.4,32,18,38.5,,,,,,,,,,,,,,,,,,,,,,,,,,,,,,,,,,,,,,,,,,,,,,,,,,,,,,,,,,,,,,,,,,,,,,,,,,,,,,,,,,,,,,,,,,,,,,,,,,,,,,,,,,,,,,,,,,,,,,,,,,,,,,,,,,,,,,,,,,,,,,,,,,,,,,,,,,,,,,,,,,,,,,,,,,,,,,,,,,,,,,,,,,,,,,,,,,,,,,,,,,,,,,,,,,,,,,,,,,,,,,,,,,,,,,,,,,,,,,,,,,,,,,,,,,,,,,,,22.2204,114.2127
2025-07-24T08:00,27.6,28,28,28.3,27.9,27.5,28.1,28.6,29,28.4,27.4,28.5,28.3,28.2,26.9,27.6,28.2,27.8,28.2,28.3,28.8,27.5,28,27.9,27.9,27.8,28.1,28.2,27.1,26.8,28.7,27.8,28.4,27.2,27.9,27.6,28.5,27.8,27.7,27.9,88,85,81,83,87,86,88,90,84,84,93,87,89,90,88,89,89,88,87,87,79,91,85,89,85,87,85,91,87,89,86,89,82,88,89,86,80,90,87,90,0.5,0.5,0,0.1,0.2,1.2,0,0.1,0,0,1.5,0,0.3,0.3,0.1,1.1,1.2,1.2,0.5,0.2,0,0.3,0,0.1,0.2,0,0.1,3.7,0,0.1,0.2,0.9,0,0.2,0.9,1.1,0.3,0.4,0,0.3,21.3,14.7,5.1,6.1,13.6,8,6.5,7.1,6,7,3.7,13.3,7.4,9.7,19.1,9.2,10.5,10,9.1,8.7,3.5,27.5,7.7,25.6,14.9,9.6,14.1,7.2,8.7,7.4,8.3,11,5.1,10.9,9.1,14.4,9.6,20.4,11,7.6,,,,,,,,,,,,,,,,,,,,,,,,,,,,,,,,,,,,,,,,,30.8,28.4,29.8,31.4,28.1,31.4,29.6,31.4,29.5,30.7,27.5,29.6,29.7,28.7,30.4,30.2,29.9,29.1,29.1,29.2,29.8,29.9,29.1,30.4,29.8,29.6,29,29.8,30.4,30.1,30.2,64,69,71,55,72,66,74,64,65,63,77,68,68,70,66,61,66,72,67,74,70,68,75,66,66,67,76,65,66,74,64,0,0,0,0,0,0,0.4,0,0,0,0.8,0,0,0,0,0,0,0,0,0.6,0,0,0.1,0.1,0,0,0,0.1,0,0,0,17.4,5.5,8.1,24.3,9.7,10.1,24.1,16.8,19.2,20,12.4,9.4,10.1,8.1,6.1,17.5,6.2,11.2,6.4,4.3,17.1,14.7,18.2,8,8.9,10,19.8,6.4,20.6,12.3,25,30.2,6.8,10.4,41,13.3,14,33.1,28.8,35.3,33.8,25.9,13,19.1,9.7,9.4,32.8,7.6,16.6,9,13,28.4,22.7,28.1,11.2,13,16.6,29.5,8.3,32.8,18.7,38.5,,,,,,,,,,,,,,,,,,,,,,,,,,,,,,,,,,,,,,,,,,,,,,,,,,,,,,,,,,,,,,,,,,,,,,,,,,,,,,,,,,,,,,,,,,,,,,,,,,,,,,,,,,,,,,,,,,,,,,,,,,,,,,,,,,,,,,,,,,,,,,,,,,,,,,,,,,,,,,,,,,,,,,,,,,,,,,,,,,,,,,,,,,,,,,,,,,,,,,,,,,,,,,,,,,,,,,,,,,,,,,,,,,,,,,,,,,,,,,,,,,,,,,,,,,,,,,,,22.2204,114.2127
2025-07-24T09:00,27.6,28,28,28.4,27.9,27.5,28.1,28.6,29,28.4,27.4,28.5,28.3,28.2,26.9,27.6,28.2,27.8,28.2,28.3,28.8,27.5,28.1,27.9,27.9,27.8,28.1,28.2,27.1,26.8,28.8,27.8,28.5,27.2,27.9,27.6,28.4,27.8,27.6,27.9,88,85,81,83,87,86,88,90,84,84,93,87,89,90,88,89,89,88,87,87,79,91,85,89,85,87,85,91,87,89,86,89,82,88,89,86,80,90,87,90,0.6,0.2,0,0,0.3,0.2,0,0,0.3,0,1.2,1.6,0.4,0.2,0.7,1.1,1.2,0.1,0.3,0.4,0,0.1,0,4.7,0.1,0,0,1.9,0,0.2,0.1,0.3,0.1,0.1,0,0.4,0.2,0.7,0.1,0.2,21.3,14.7,5.2,5.8,13.3,7.6,6.1,7.1,6,6.6,4,13.1,7.4,9.6,19.1,8.8,10.2,10,9.2,8.7,3.4,27.9,7.3,25.6,14.7,9.3,14.1,7.6,8.7,7.2,8.2,11.3,5.1,10.6,8.4,14.8,10.5,19.9,10.5,7.6,,,,,,,,,,,,,,,,,,,,,,,,,,,,,,,,,,,,,,,,,31.9,29.4,30.5,32.2,29.2,32.4,30.1,32.2,30,30.9,28.1,30.4,30.9,29.3,31.5,30.5,31.1,30.1,30.3,29.7,30.7,30.9,30,31.2,31,30.6,29.2,30.9,31.5,31.4,31,60,65,68,52,67,61,72,61,62,62,73,65,64,67,62,60,61,68,62,72,65,63,71,62,61,63,74,60,61,69,61,0,0,0.3,0,0,0,0.1,0,0,0.7,0.5,0,0,0,0,0,0,0,0,0.9,0,0,0,0,0,0,0,0,0,0,0,19,6.3,6.6,27.2,10.7,10.9,26.3,17.6,20.7,20.1,13,10.4,10.5,9.2,7.1,18.7,7,12.7,6.4,6.3,18.6,14.2,19.5,8.4,10.1,10.4,18.1,4.4,21.7,12.7,26.4,30.2,7.6,8.6,42.5,15.5,14.8,34.9,28.1,35.6,32,27.7,11.9,17.3,10.1,11.2,33.5,9,17.6,10.1,16.6,29.2,22.3,28.8,10.8,15.1,15.8,27,6.1,32.4,18.7,39.2,,,,,,,,,,,,,,,,,,,,,,,,,,,,,,,,,,,,,,,,,,,,,,,,,,,,,,,,,,,,,,,,,,,,,,,,,,,,,,,,,,,,,,,,,,,,,,,,,,,,,,,,,,,,,,,,,,,,,,,,,,,,,,,,,,,,,,,,,,,,,,,,,,,,,,,,,,,,,,,,,,,,,,,,,,,,,,,,,,,,,,,,,,,,,,,,,,,,,,,,,,,,,,,,,,,,,,,,,,,,,,,,,,,,,,,,,,,,,,,,,,,,,,,,,,,,,,,,22.2204,114.2127
2025-07-24T10:00,27.6,28,28,28.5,28,27.5,28.1,28.6,29,28.4,27.5,28.4,28.3,28.2,26.9,27.6,28.2,27.9,28.2,28.3,28.8,27.6,28.1,27.8,28,27.8,28.1,28.2,27.2,26.8,28.9,27.8,28.6,27.2,27.9,27.6,28.3,27.8,27.6,27.9,88,85,81,82,86,86,88,90,84,84,93,87,89,90,88,89,89,87,87,87,80,91,84,90,84,87,85,91,87,89,86,89,82,88,89,86,81,90,87,90,0.6,0.2,0,0,0.3,0.2,0,0,0.3,0,1.2,1.6,0.4,0.2,0.7,1.1,1.2,0.1,0.3,0.4,0,0.1,0,4.7,0.1,0,0,1.9,0,0.2,0.1,0.3,0.1,0.1,0,0.4,0.2,0.7,0.1,0.2,20.9,15.1,4.9,5.4,12.5,7.2,5.8,7.3,5.9,6.7,4,13.1,7.8,9.2,19.1,8.5,10,9.7,8.8,8.7,3.3,28.2,6.9,25.5,14.5,9,13.7,7.9,8.4,6.9,7.7,11.6,4.7,10.1,7.5,14.8,11.4,19.4,10.2,8,,,,,,,,,,,,,,,,,,,,,,,,,,,,,,,,,,,,,,,,,33.2,30.6,31.5,33.2,30.7,33.8,30.8,33.2,30.5,31.2,28.9,31.3,32.5,30,33,31,32.7,31.5,31.7,30.2,31.9,32.2,30.9,32.2,32.5,32,29.6,32.2,32.8,32.8,32,55,61,63,49,62,55,68,57,60,61,69,60,58,64,57,59,55,62,55,68,60,58,66,58,56,58,71,55,56,62,57,0,0,0.3,0,0,0,0.1,0,0,0.7,0.5,0,0,0,0,0,0,0,0,0.9,0,0,0,0,0,0,0,0,0,0,0,20.9,7.4,4.2,30.1,12.1,11.6,28.1,19.3,22.5,20.1,14,11.1,11.5,11,8,19.5,7.2,14.1,7.6,14.6,20.9,12.8,21.6,8.6,10.9,10.4,16.3,1.6,22.6,12.8,27.9,30.6,8.3,6.1,43.6,18,15.8,36.7,27.7,35.6,29.9,29.9,13,16.9,11.2,13.3,32.8,11.2,18,11.9,22.3,31,19.8,29.9,9.7,16.9,14.4,23.8,4,32,18.7,40.3,,,,,,,,,,,,,,,,,,,,,,,,,,,,,,,,,,,,,,,,,,,,,,,,,,,,,,,,,,,,,,,,,,,,,,,,,,,,,,,,,,,,,,,,,,,,,,,,,,,,,,,,,,,,,,,,,,,,,,,,,,,,,,,,,,,,,,,,,,,,,,,,,,,,,,,,,,,,,,,,,,,,,,,,,,,,,,,,,,,,,,,,,,,,,,,,,,,,,,,,,,,,,,,,,,,,,,,,,,,,,,,,,,,,,,,,,,,,,,,,,,,,,,,,,,,,,,,,22.2204,114.2127
2025-07-24T11:00,27.6,28,28,28.6,28.1,27.6,28.1,28.6,29,28.4,27.5,28.3,28.4,28.2,27,27.6,28.2,27.9,28.2,28.3,28.7,27.7,28.2,27.8,28.1,27.8,28.2,28.2,27.2,26.9,29,27.8,28.7,27.3,28,27.7,28.1,27.8,27.5,27.9,87,86,81,82,86,86,87,90,83,84,93,88,89,89,88,89,89,87,87,87,80,91,84,90,84,87,85,91,86,89,85,89,82,88,89,86,81,90,87,89,0.6,0.2,0,0,0.3,0.2,0,0,0.3,0,1.2,1.6,0.4,0.2,0.7,1.1,1.2,0.1,0.3,0.4,0,0.1,0,4.7,0.1,0,0,1.9,0,0.2,0.1,0.3,0.1,0.1,0,0.4,0.2,0.7,0.1,0.2,20.9,15.5,5.2,4.8,12.1,6.8,5.1,7.5,5.6,6.4,4.3,13.2,7.9,8.9,19.4,8.5,10.2,9.7,9,8.7,3.1,28.5,6.9,25.1,14.1,8.4,13.7,8.2,8.4,6.1,6.9,11.9,4.5,10.2,6.7,15.1,13.1,18.9,9.7,8.3,,,,,,,,,,,,,,,,,,,,,,,,,,,,,,,,,,,,,,,,,34.3,31.6,32.2,34.1,31.8,34.9,31.3,34,30.6,31.8,29.5,32.2,33.8,30.6,34,31.5,33.7,32.8,32.8,30.6,33,33.2,31.6,33,33.8,33.2,30.1,33.2,33.8,34.2,32.8,51,57,60,47,57,50,66,54,60,59,65,57,53,61,53,58,51,57,50,66,55,53,63,55,51,53,68,51,52,56,54,0,0,0.3,0,0,0,0.1,0,0,0.7,0.5,0,0,0,0,0,0,0,0,0.9,0,0,0,0,0,0,0,0,0,0,0,22.4,7.9,2.6,31.8,12.3,12.1,29.5,20.4,24.7,20.3,15.7,11.2,10.7,12.3,8,19.4,6.7,14.1,8,20.5,22.4,11.5,23.5,8.8,11.3,10.3,14.5,1.3,22.5,13.2,28.7,30.6,9,5,43.6,19.1,16.6,37.8,27.4,35.6,28.8,32,14,16.6,12.2,14.4,31,12.6,18,13.3,26.3,31.7,17.3,31,9.4,18,13.7,21.6,2.9,31.3,18.7,41,,,,,,,,,,,,,,,,,,,,,,,,,,,,,,,,,,,,,,,,,,,,,,,,,,,,,,,,,,,,,,,,,,,,,,,,,,,,,,,,,,,,,,,,,,,,,,,,,,,,,,,,,,,,,,,,,,,,,,,,,,,,,,,,,,,,,,,,,,,,,,,,,,,,,,,,,,,,,,,,,,,,,,,,,,,,,,,,,,,,,,,,,,,,,,,,,,,,,,,,,,,,,,,,,,,,,,,,,,,,,,,,,,,,,,,,,,,,,,,,,,,,,,,,,,,,,,,,22.2204,114.2127
2025-07-24T12:00,27.6,28,27.9,28.7,28.2,27.6,28.2,28.6,29,28.4,27.6,28.1,28.4,28.2,27.1,27.5,28.2,28,28.2,28.3,28.7,27.7,28.3,27.7,28.2,27.9,28.2,28.2,27.3,27,29.1,27.8,28.8,27.3,28,27.7,28,27.8,27.4,27.9,87,86,81,81,86,86,87,90,83,84,92,88,89,89,88,89,89,87,86,87,80,90,84,91,84,87,85,91,86,89,85,89,82,87,88,86,82,90,87,89,0.6,0.2,0,0,0.3,0.2,0,0,0.3,0,1.2,1.6,0.4,0.2,0.7,1.1,1.2,0.1,0.3,0.4,0,0.1,0,4.7,0.1,0,0,1.9,0,0.2,0.1,0.3,0.1,0.1,0,0.4,0.2,0.7,0.1,0.2,20.5,15.8,4.9,4,11.7,6.5,4.8,7.2,5.2,6.5,4.8,13,8.2,8.9,19.5,8.1,9.9,9.4,9.1,8.8,3,28.7,6.5,24.9,13.5,8,13.3,8.9,8.2,5.2,5.8,12,3.9,9.9,5.9,15.1,14.5,18.4,9.5,8.3,,,,,,,,,,,,,,,,,,,,,,,,,,,,,,,,,,,,,,,,,35.1,32.3,32.5,34.9,32.3,35.8,31.6,34.8,30,33,30.1,32.9,34.8,31.4,34.5,31.8,33.9,33.9,33.4,31,34.1,34,32,33.7,34.8,34,31.1,33.5,33.8,35.2,33.3,49,55,59,45,55,46,64,52,64,56,63,55,50,58,51,58,50,52,48,65,52,50,62,53,48,50,65,50,51,52,53,0,0,0.3,0,0,0,0,0,0.1,0,0,0,0,0,0,0,0,0,0,0.2,0,0,0,0,0,0,0.2,0,0,0,0,23.3,8.2,5,31.5,9.6,12.8,29.9,20.1,27.6,20.5,18.4,10.6,7.2,12.9,5,18,4.5,13,6.6,20.2,21.7,9.9,25.1,9.3,10.1,9.9,13.6,4.6,20.8,13.2,28.1,31,9.4,6.5,41.8,17.3,17.6,38.5,26.6,36.7,29.9,33.8,14.4,15.8,13,14,27.7,12.2,17.3,13.3,25.2,30.6,15.5,32,10.1,17.6,13.7,20.5,4.3,30.6,18.7,40.7,,,,,,,,,,,,,,,,,,,,,,,,,,,,,,,,,,,,,,,,,,,,,,,,,,,,,,,,,,,,,,,,,,,,,,,,,,,,,,,,,,,,,,,,,,,,,,,,,,,,,,,,,,,,,,,,,,,,,,,,,,,,,,,,,,,,,,,,,,,,,,,,,,,,,,,,,,,,,,,,,,,,,,,,,,,,,,,,,,,,,,,,,,,,,,,,,,,,,,,,,,,,,,,,,,,,,,,,,,,,,,,,,,,,,,,,,,,,,,,,,,,,,,,,,,,,,,,,22.2204,114.2127
2025-07-24T13:00,27.7,28.1,27.9,28.8,28.3,27.7,28.2,28.6,29,28.4,27.6,28,28.5,28.2,27.2,27.5,28.2,28.1,28.2,28.3,28.7,27.9,28.3,27.7,28.3,27.9,28.2,28.2,27.3,27,29.2,27.8,28.9,27.4,28.1,27.8,27.8,27.8,27.4,27.9,87,86,81,81,85,85,87,90,82,84,92,89,88,89,88,89,88,86,86,87,81,90,84,91,83,87,85,91,86,89,85,89,82,87,88,86,82,90,87,89,0.6,0.2,0,0,0.3,0.2,0,0,0.3,0,1.2,1.6,0.4,0.2,0.7,1.1,1.2,0.1,0.3,0.4,0,0.1,0,4.7,0.1,0,0,1.9,0,0.2,0.1,0.3,0.1,0.1,0,0.4,0.2,0.7,0.1,0.2,20.2,16.6,5.1,3.6,10.9,6.1,4.3,7.4,5.1,6.3,5.3,13.1,8.3,8.7,19.5,7.8,9.7,9.4,9.2,8.8,3.3,28.6,6.1,24.9,12.9,7.9,13,9.4,8.3,4.1,4.8,12.3,3.2,9.7,5.1,15.1,16.3,17.7,9,8.6,,,,,,,,,,,,,,,,,,,,,,,,,,,,,,,,,,,,,,,,,35.7,32.8,32.7,35.7,32.6,36.7,31.9,35.5,28.9,34.3,30.5,33.5,35.6,32.2,34.8,32,33.7,34.9,33.7,31.2,35.1,34.7,32.2,34.2,35.8,34.8,32.3,33.4,33.5,36,33.5,48,54,59,44,54,44,63,50,70,52,63,53,47,55,50,58,51,48,47,65,50,48,62,51,46,47,62,51,52,49,53,0,0,0.3,0,0,0,0,0,0.1,0,0,0,0,0,0,0,0,0,0,0.2,0,0,0,0,0,0,0.2,0,0,0,0,23.7,9.4,9.2,30.1,7.2,13,30.1,19.3,30.3,21.3,21.5,9.8,4.1,13.1,2.3,15.7,2.6,11.2,5.9,17.4,20,8.2,26.6,10.7,7.2,10.1,14,8.2,19.1,13.3,27.1,31.7,9.7,9.4,38.9,13.7,18.4,38.9,25.9,38.2,31.7,35.3,14.8,15.1,14,12.6,23.8,11.2,16.6,13,22.3,28.8,13.7,32.8,11.9,16.9,14.4,20.5,6.8,29.5,19.1,40,,,,,,,,,,,,,,,,,,,,,,,,,,,,,,,,,,,,,,,,,,,,,,,,,,,,,,,,,,,,,,,,,,,,,,,,,,,,,,,,,,,,,,,,,,,,,,,,,,,,,,,,,,,,,,,,,,,,,,,,,,,,,,,,,,,,,,,,,,,,,,,,,,,,,,,,,,,,,,,,,,,,,,,,,,,,,,,,,,,,,,,,,,,,,,,,,,,,,,,,,,,,,,,,,,,,,,,,,,,,,,,,,,,,,,,,,,,,,,,,,,,,,,,,,,,,,,,,22.2204,114.2127
2025-07-24T14:00,27.7,28.1,27.9,28.9,28.4,27.7,28.2,28.6,29.1,28.4,27.7,27.8,28.5,28.2,27.3,27.4,28.2,28.2,28.3,28.2,28.7,28,28.4,27.7,28.4,28,28.3,28.2,27.4,27.1,29.4,27.8,29,27.4,28.1,27.9,27.6,27.8,27.3,28,86,87,81,80,85,85,86,90,82,84,91,89,88,88,88,89,88,86,86,87,81,90,83,92,83,87,85,91,85,88,85,89,82,87,88,86,83,90,87,88,0.6,0.2,0,0,0.3,0.2,0,0,0.3,0,1.2,1.6,0.4,0.2,0.7,1.1,1.2,0.1,0.3,0.4,0,0.1,0,4.7,0.1,0,0,1.9,0,0.2,0.1,0.3,0.1,0.1,0,0.4,0.2,0.7,0.1,0.2,19.9,17.5,5.4,3.5,10.5,5.8,4.1,7.6,4.7,6.4,5.3,13.2,8.8,8.4,19.9,7.5,9.7,9.4,9.5,8.8,3.8,28.6,5.8,24.8,12.9,7.7,13,10,8.6,3.1,4.2,12.6,2.6,9.8,4.3,15.5,18.1,17,9.1,9,,,,,,,,,,,,,,,,,,,,,,,,,,,,,,,,,,,,,,,,,36.1,33.1,32.7,36.1,32.6,37.2,32,35.9,27.9,35.2,30.8,34,35.8,32.6,34.6,32.3,33.2,35.5,33.7,31.5,35.8,35.1,32.2,34.5,36.1,35.2,33.1,33.2,33.1,36.5,33.4,47,54,60,43,54,42,63,49,75,50,63,52,47,54,51,58,53,46,48,65,48,47,62,51,46,46,60,52,53,48,54,0,0,0.3,0,0,0,0,0,0.1,0,0,0,0,0,0,0,0,0,0,0.2,0,0,0,0,0,0,0.2,0,0,0,0,23.9,10.7,12.5,28.4,8.3,12.1,29.7,18.5,31.7,22.1,24.8,8.4,6.5,13.6,5.7,14.1,4.3,9.4,8,15.9,18.4,7.7,26.6,12.7,3.6,9.6,15.6,10.7,19.4,12.7,26.9,32,10.4,11.9,36.4,11.5,18.4,38.9,25.2,38.9,33.8,37.8,15.1,15.1,15.5,12.2,21.2,10.8,15.8,13,20.9,27,13.3,32.4,13.7,15.8,14.8,22,9.4,30.6,19.1,40.3,,,,,,,,,,,,,,,,,,,,,,,,,,,,,,,,,,,,,,,,,,,,,,,,,,,,,,,,,,,,,,,,,,,,,,,,,,,,,,,,,,,,,,,,,,,,,,,,,,,,,,,,,,,,,,,,,,,,,,,,,,,,,,,,,,,,,,,,,,,,,,,,,,,,,,,,,,,,,,,,,,,,,,,,,,,,,,,,,,,,,,,,,,,,,,,,,,,,,,,,,,,,,,,,,,,,,,,,,,,,,,,,,,,,,,,,,,,,,,,,,,,,,,,,,,,,,,,,22.2204,114.2127
2025-07-24T15:00,27.8,28.1,27.9,29,28.5,27.8,28.2,28.6,29.1,28.3,27.7,27.7,28.6,28.2,27.4,27.4,28.2,28.2,28.3,28.2,28.7,28.1,28.5,27.6,28.5,28,28.3,28.2,27.4,27.2,29.5,27.8,29,27.5,28.2,27.9,27.5,27.7,27.2,28,86,87,81,80,84,85,86,90,81,85,91,90,88,88,88,89,88,85,86,86,81,90,83,92,82,87,86,91,85,88,85,89,82,87,87,86,84,90,87,88,0.6,0.2,0,0,0.3,0.2,0,0,0.3,0,1.2,1.6,0.4,0.2,0.7,1.1,1.2,0.1,0.3,0.4,0,0.1,0,4.7,0.1,0,0,1.9,0,0.2,0.1,0.3,0.1,0.1,0,0.4,0.2,0.7,0.1,0.2,19.6,18.3,6,4.3,10.1,5.5,3.8,7.7,4.3,6.3,5.8,12.9,8.9,8.2,19.9,7.1,9.7,9.1,9.7,8.9,4.5,28.5,5.6,24.5,12.5,7.6,12.7,10.8,8.5,2.3,3.8,13.2,2,9.5,3.8,15.5,19.5,16.3,9.3,9,,,,,,,,,,,,,,,,,,,,,,,,,,,,,,,,,,,,,,,,,36.3,33,32.7,36.2,32.5,37.3,32,36.2,27.1,35.3,30.8,34.2,35.3,32.7,33.8,32.6,32.7,35.7,33.3,31.6,36.2,35.3,32.2,34.3,35.7,35.3,33.2,33,32.9,36.5,32.7,47,55,61,43,55,42,63,49,79,50,64,51,50,54,54,57,56,47,51,65,47,45,62,52,48,46,59,52,53,48,56,0,0,0.2,0,0.1,0,0,0,1,0,0,0,0,0,0.4,0,0,0,0,0,0,0,0,0,0,0,0.8,0,0.1,0,0.1,24.2,12.6,14.4,27.1,9.9,10.1,29.2,18.1,30.3,23.3,28.5,8.2,10.9,14.8,9.4,13.4,8.6,8.6,10.6,18.4,17.2,8.4,24.7,15.5,2.2,9.4,19.5,11.7,22.4,11.3,29,32.8,12.2,14,35.3,11.9,16.9,38.5,24.8,38.5,35.6,42.5,15.5,15.8,17.6,13.7,21.6,12.6,16.2,14.8,23.4,26.3,15.1,30.6,16.2,15.1,14.8,26.6,10.8,34.9,18.7,43.2,,,,,,,,,,,,,,,,,,,,,,,,,,,,,,,,,,,,,,,,,,,,,,,,,,,,,,,,,,,,,,,,,,,,,,,,,,,,,,,,,,,,,,,,,,,,,,,,,,,,,,,,,,,,,,,,,,,,,,,,,,,,,,,,,,,,,,,,,,,,,,,,,,,,,,,,,,,,,,,,,,,,,,,,,,,,,,,,,,,,,,,,,,,,,,,,,,,,,,,,,,,,,,,,,,,,,,,,,,,,,,,,,,,,,,,,,,,,,,,,,,,,,,,,,,,,,,,,22.2204,114.2127
2025-07-24T16:00,27.8,28.1,27.9,29.1,28.6,27.9,28.2,28.6,29.2,28.3,27.8,27.6,28.6,28.3,27.5,27.3,28.3,28.3,28.3,28.2,28.7,28.2,28.5,27.6,28.5,28,28.4,28.2,27.5,27.3,29.6,27.8,29.1,27.5,28.2,28,27.3,27.7,27.2,28,85,87,82,79,84,85,86,90,80,85,90,90,88,87,88,90,88,85,86,86,82,90,83,92,82,87,86,91,85,88,85,88,82,87,87,86,85,91,87,87,0.6,0.2,0,0,0.3,0.2,0,0,0.3,0,1.2,1.6,0.4,0.2,0.7,1.1,1.2,0.1,0.3,0.4,0,0.1,0,4.7,0.1,0,0,1.9,0,0.2,0.1,0.3,0.1,0.1,0,0.4,0.2,0.7,0.1,0.2,19.3,19.2,6.5,5.1,9.7,5.2,4,7.7,4,6,6.3,13,9.2,7.9,19.9,6.7,9.4,9.1,9.8,9,5.1,28.4,5.5,24.6,12.3,7.4,12.4,11.5,8.9,1.9,3.9,13.4,1.6,9.3,3.4,15.5,20.6,15.4,9.2,9.4,,,,,,,,,,,,,,,,,,,,,,,,,,,,,,,,,,,,,,,,,36.2,32.8,32.4,36,32.1,37.2,31.8,36.2,26.4,34.9,30.6,34.2,34.2,32.3,32.8,32.9,32,35.3,32.6,31.7,36.3,35.2,31.9,33.8,34.8,35.2,33,32.8,32.7,36.3,31.6,47,58,63,43,58,43,64,51,81,50,65,51,55,56,59,57,60,49,55,64,46,44,63,55,51,47,59,53,53,50,60,0,0,0.2,0,0.1,0,0,0,1,0,0,0,0,0,0.4,0,0,0,0,0,0,0,0,0,0,0,0.8,0,0.1,0,0.1,23.8,15.3,15.6,25.3,10.9,8.2,28,17.4,27.5,24.6,32.1,10.8,15.5,17,13,13.7,13.1,10.9,14.2,22.7,16.4,9.1,21.5,18.5,9.4,11.1,24.5,12.3,26.2,10.2,31.9,33.1,14.8,16.2,34.2,13.3,14.8,37.8,24.1,37.4,37.4,47.9,15.8,16.9,20.5,15.8,23.4,15.1,16.6,16.9,27.7,25.6,18,27.7,19.4,14.4,15.1,32.8,12.2,41.4,18,47.2,,,,,,,,,,,,,,,,,,,,,,,,,,,,,,,,,,,,,,,,,,,,,,,,,,,,,,,,,,,,,,,,,,,,,,,,,,,,,,,,,,,,,,,,,,,,,,,,,,,,,,,,,,,,,,,,,,,,,,,,,,,,,,,,,,,,,,,,,,,,,,,,,,,,,,,,,,,,,,,,,,,,,,,,,,,,,,,,,,,,,,,,,,,,,,,,,,,,,,,,,,,,,,,,,,,,,,,,,,,,,,,,,,,,,,,,,,,,,,,,,,,,,,,,,,,,,,,,22.2204,114.2127
2025-07-24T17:00,27.8,28.2,27.9,29.2,28.7,27.9,28.2,28.6,29.2,28.3,27.8,27.4,28.7,28.3,27.5,27.3,28.3,28.4,28.3,28.2,28.7,28.4,28.6,27.6,28.6,28.1,28.4,28.3,27.5,27.4,29.7,27.8,29.2,27.6,28.3,28,27.2,27.7,27.1,28.1,85,87,82,79,84,85,85,90,80,85,90,90,88,87,88,90,88,84,85,86,82,89,83,93,82,86,86,90,84,88,84,88,82,87,87,86,85,91,87,87,0.6,0.2,0,0,0.3,0.2,0,0,0.3,0,1.2,1.6,0.4,0.2,0.7,1.1,1.2,0.1,0.3,0.4,0,0.1,0,4.7,0.1,0,0,1.9,0,0.2,0.1,0.3,0.1,0.1,0,0.4,0.2,0.7,0.1,0.2,18.6,19.9,7.1,5.9,9.1,5,4.1,7.8,3.6,6.2,6.6,12.9,9.4,7.8,20,6.4,9.2,8.8,10,9.1,6.1,28.1,5.3,24.7,12.6,7.5,12.1,12.3,9.1,2.5,4.3,13.2,1.1,9.2,3.1,15.5,21.6,14.7,9.7,9.7,,,,,,,,,,,,,,,,,,,,,,,,,,,,,,,,,,,,,,,,,36,32.3,32.1,35.7,31.7,36.7,31.4,36,26,34.4,30.4,33.8,33.2,32,31.8,33,31.4,34.8,31.9,31.6,36.2,34.8,31.6,33.3,33.9,34.7,32.6,32.4,32.4,36,30.5,48,61,65,44,60,45,65,52,83,51,67,53,59,58,64,56,63,53,59,65,46,45,64,57,55,50,60,54,54,52,64,0,0,0.2,0,0.1,0,0,0,1,0,0,0,0,0,0.4,0,0,0,0,0,0,0,0,0,0,0,0.8,0,0.1,0,0.1,22.4,17.8,15.9,23.2,11.2,6.9,26.8,16.4,24.7,25.6,34.4,14.2,18.4,19.5,14.3,14.5,16.2,13.5,16.4,25,15.6,9.7,18.5,20.5,14.4,13.5,26.7,12.5,28.5,9.5,33.2,32.8,16.9,17.3,32.8,14,13.3,36.7,24.1,36,39.2,51.8,16.9,18,23.4,16.6,25.2,17.3,16.9,18.4,30.2,24.8,19.8,25.2,21.6,14,15.5,35.3,13.7,45.7,17.6,49.7,,,,,,,,,,,,,,,,,,,,,,,,,,,,,,,,,,,,,,,,,,,,,,,,,,,,,,,,,,,,,,,,,,,,,,,,,,,,,,,,,,,,,,,,,,,,,,,,,,,,,,,,,,,,,,,,,,,,,,,,,,,,,,,,,,,,,,,,,,,,,,,,,,,,,,,,,,,,,,,,,,,,,,,,,,,,,,,,,,,,,,,,,,,,,,,,,,,,,,,,,,,,,,,,,,,,,,,,,,,,,,,,,,,,,,,,,,,,,,,,,,,,,,,,,,,,,,,,22.2204,114.2127
2025-07-24T18:00,27.9,28.2,27.8,29.3,28.8,27.9,28.1,28.6,29.2,28.3,27.8,27.3,28.7,28.3,27.6,27.2,28.3,28.5,28.3,28.2,28.7,28.5,28.7,27.6,28.7,28.1,28.5,28.3,27.5,27.5,29.8,27.9,29.3,27.6,28.3,28.1,27.1,27.6,27.1,28.1,85,87,82,78,83,85,85,90,80,85,90,91,87,86,88,90,88,84,85,86,83,89,82,93,81,86,86,90,84,87,84,88,82,86,87,86,86,91,87,86,0.6,0.2,0,0,0.3,0.2,0,0,0.3,0,1.2,1.6,0.4,0.2,0.7,1.1,1.2,0.1,0.3,0.4,0,0.1,0,4.7,0.1,0,0,1.9,0,0.2,0.1,0.3,0.1,0.1,0,0.4,0.2,0.7,0.1,0.2,18.4,20.5,7.6,6.8,8.7,5.2,4.3,7.9,3.3,5.9,7.1,13.1,9.8,7.5,20.4,6,9.2,8.8,9.9,9.1,6.9,27.4,5.2,24.8,12.6,7.4,12.1,13,9,3.4,4.7,13.4,1.3,9.2,3.2,15.1,22,14,10,10.1,,,,,,,,,,,,,,,,,,,,,,,,,,,,,,,,,,,,,,,,,35.5,31.7,31.6,35.3,31.3,36,30.9,35.5,26,33.8,30,33,32.5,31.6,31.2,33,31,34,31.4,31.2,35.9,34,31.2,32.8,33.2,33.7,32.3,32,32,35.5,29.4,50,65,68,46,62,48,68,53,83,51,69,57,62,61,67,56,65,58,61,67,47,48,65,59,59,55,61,56,56,54,69,0.1,0.1,0.6,0,0,0,0,0.7,0.4,0,0,0,0,0,2.4,0,0.4,0,0,0.1,0,0,0,0,0.4,0,0,0,0.1,0.3,1.3,18.4,18.6,14.5,20,10.5,5.8,24.9,15,22.4,26.7,34.3,16.3,18.9,20.9,10.5,14.9,16.3,14.6,15.8,23.3,14.2,10.7,16.3,20.1,15.8,15.2,22.9,13.1,27.4,8.7,31.4,30.2,19.4,16.9,29.9,13,14,35.6,24.5,33.5,42.5,52.6,18.7,19.1,26.3,13.7,25.9,18.7,16.9,17.3,29.5,23,19.4,23,22.7,14.4,16.9,30.6,15.5,46.1,17.3,49.7,,,,,,,,,,,,,,,,,,,,,,,,,,,,,,,,,,,,,,,,,,,,,,,,,,,,,,,,,,,,,,,,,,,,,,,,,,,,,,,,,,,,,,,,,,,,,,,,,,,,,,,,,,,,,,,,,,,,,,,,,,,,,,,,,,,,,,,,,,,,,,,,,,,,,,,,,,,,,,,,,,,,,,,,,,,,,,,,,,,,,,,,,,,,,,,,,,,,,,,,,,,,,,,,,,,,,,,,,,,,,,,,,,,,,,,,,,,,,,,,,,,,,,,,,,,,,,,,22.2204,114.2127
2025-07-24T19:00,27.9,28.2,27.8,29.3,28.9,28,28.1,28.6,29.3,28.2,27.8,27.2,28.8,28.3,27.7,27.2,28.2,28.6,28.3,28.1,28.7,28.6,28.7,27.6,28.7,28.1,28.5,28.2,27.6,27.5,29.9,27.9,29.3,27.6,28.3,28.1,27,27.6,27,28.1,84,87,82,78,83,85,85,90,79,85,89,91,87,86,88,90,88,83,85,86,83,89,82,93,81,86,86,90,84,87,84,88,82,86,86,85,87,91,87,86,0.6,0.2,0,0,0.3,0.2,0,0,0.3,0,1.2,1.6,0.4,0.2,0.7,1.1,1.2,0.1,0.3,0.4,0,0.1,0,4.7,0.1,0,0,1.9,0,0.2,0.1,0.3,0.1,0.1,0,0.4,0.2,0.7,0.1,0.2,17.7,20.9,8,7.3,8,4.8,4.3,8.2,3.3,5.9,7.1,13.1,10,7.5,20.3,6,9,8.4,9.9,9.1,7.1,26.6,4.9,24.9,12.6,7.2,11.8,13.7,9.2,4,5.1,13.6,1.8,8.9,3,15.1,21.7,13.5,10.2,10.1,,,,,,,,,,,,,,,,,,,,,,,,,,,,,,,,,,,,,,,,,34.8,31,31,34.8,30.9,35,30.3,34.9,26.3,33.2,29.4,31.8,31.8,31.1,30.9,32.8,30.8,32.8,31,30.6,35.4,32.8,30.7,32.3,32.3,32.3,32,31.5,31.6,34.8,28.3,53,70,71,48,65,51,71,54,81,52,72,63,65,64,70,56,68,64,63,71,48,53,67,62,62,62,62,59,58,57,75,0.1,0.1,0.6,0,0,0,0,0.7,0.4,0,0,0,0,0,2.4,0,0.4,0,0,0.1,0,0,0,0,0.4,0,0,0,0.1,0.3,1.3,13.3,18,12.4,16.7,9.2,10.3,22.9,13.4,20.1,28.8,33.4,18.3,18.1,22,4.5,15.6,14.8,14.5,13.5,20,12.9,12.9,14.5,18.5,15.1,17,15.9,13.3,24.8,7.6,29.2,26.6,21.6,16.2,26.6,11.2,15.8,34.6,24.8,30.2,45.7,51.5,21.2,20.2,29.5,9.4,26.3,19.8,16.2,15.1,27,20.5,17.6,21.2,22.7,15.1,19.1,22.3,17.6,44.6,17.3,48.2,,,,,,,,,,,,,,,,,,,,,,,,,,,,,,,,,,,,,,,,,,,,,,,,,,,,,,,,,,,,,,,,,,,,,,,,,,,,,,,,,,,,,,,,,,,,,,,,,,,,,,,,,,,,,,,,,,,,,,,,,,,,,,,,,,,,,,,,,,,,,,,,,,,,,,,,,,,,,,,,,,,,,,,,,,,,,,,,,,,,,,,,,,,,,,,,,,,,,,,,,,,,,,,,,,,,,,,,,,,,,,,,,,,,,,,,,,,,,,,,,,,,,,,,,,,,,,,,22.2204,114.2127
2025-07-24T20:00,27.9,28.3,27.8,29.4,29,28,28.1,28.5,29.3,28.2,27.8,27.1,28.8,28.3,27.7,27.1,28.2,28.7,28.3,28.1,28.7,28.7,28.8,27.6,28.8,28.1,28.6,28.2,27.6,27.6,29.9,27.9,29.3,27.7,28.3,28.2,27,27.5,27,28.1,84,87,82,78,83,85,85,90,79,85,89,91,87,86,88,90,88,83,85,86,83,88,82,93,81,86,86,90,84,87,84,88,82,86,86,85,87,91,87,86,0.6,0.2,0,0,0.3,0.2,0,0,0.3,0,1.2,1.6,0.4,0.2,0.7,1.1,1.2,0.1,0.3,0.4,0,0.1,0,4.7,0.1,0,0,1.9,0,0.2,0.1,0.3,0.1,0.1,0,0.4,0.2,0.7,0.1,0.2,17.3,20.9,8.3,7.8,7.3,4.5,4.3,8,3.3,5.6,7.4,13,10,7.2,20.3,5.6,9,8.1,9.6,9.1,7.7,25.6,4.6,24.8,12.6,7.1,11.4,14.3,8.9,4.7,5.1,13.4,1.8,8.4,2.9,14.8,21.1,12.9,10.2,10.4,,,,,,,,,,,,,,,,,,,,,,,,,,,,,,,,,,,,,,,,,34.1,30.4,30.6,34.2,30.5,34,29.8,34,26.5,32.6,29,30.8,31.2,30.7,30.4,32.6,30.5,32.1,30.5,30.2,34.9,31.9,30.3,31.8,31.8,31.3,31.6,31,31,34.2,27.4,55,74,73,50,67,55,74,56,80,52,74,68,68,67,72,56,69,68,65,73,50,58,68,64,65,67,63,62,61,59,80,0.1,0.1,0.6,0,0,0,0,0.7,0.4,0,0,0,0,0,2.4,0,0.4,0,0,0.1,0,0,0,0,0.4,0,0,0,0.1,0.3,1.3,9.7,16.9,10.6,13.5,8,14.4,20.9,12.7,18.4,29.5,31.8,20.1,17.1,22,2.2,16.3,14.3,13.5,12,17.6,12.9,14.7,12.6,17.2,13.4,17.9,9.4,13.3,24,6.5,29,23.4,22.7,15.1,23.4,9.4,16.6,33.1,25.2,27.4,46.4,50,24.1,21.2,31.3,6.5,27,20.2,15.8,14,25.6,20.2,15.8,19.1,23.4,15.8,20.2,15.8,18.7,43.9,16.6,47.5,,,,,,,,,,,,,,,,,,,,,,,,,,,,,,,,,,,,,,,,,,,,,,,,,,,,,,,,,,,,,,,,,,,,,,,,,,,,,,,,,,,,,,,,,,,,,,,,,,,,,,,,,,,,,,,,,,,,,,,,,,,,,,,,,,,,,,,,,,,,,,,,,,,,,,,,,,,,,,,,,,,,,,,,,,,,,,,,,,,,,,,,,,,,,,,,,,,,,,,,,,,,,,,,,,,,,,,,,,,,,,,,,,,,,,,,,,,,,,,,,,,,,,,,,,,,,,,,22.2204,114.2127
2025-07-24T21:00,27.9,28.3,27.8,29.4,29,28,28.1,28.5,29.3,28.2,27.8,27.1,28.8,28.3,27.7,27.1,28.2,28.8,28.3,28.1,28.7,28.8,28.8,27.7,28.8,28.1,28.6,28.2,27.6,27.6,29.8,27.9,29.3,27.7,28.3,28.2,27.1,27.5,27,28.1,84,87,82,78,83,85,85,90,79,85,89,91,87,86,88,90,88,83,85,86,83,87,82,93,81,86,86,90,84,87,84,88,82,86,86,85,87,91,87,86,0.1,0,0,0,0,0.3,0.5,0.4,0,0,0.3,0.6,0.1,0,0.6,0.4,2.7,0,0,0.1,0,0,0,0,0,0,0,1.2,0,0,2.4,0.2,0.1,0,0.7,0,10,0.7,0,0.8,16.5,20.5,8.3,7.8,6.6,4.2,4,8,3.3,5.1,7.7,12.9,10,7.2,20.3,5.2,9,7.8,9.1,9,7.9,24.1,4.1,24.7,12.6,6.6,11,15,8.4,5.2,4.7,13.2,2.1,7.9,2.5,14.4,19.6,12.2,10,10.8,,,,,,,,,,,,,,,,,,,,,,,,,,,,,,,,,,,,,,,,,33.7,30.2,30.4,33.7,30.2,33.2,29.5,32.8,26.5,32.2,28.8,30.4,30.9,30.5,29.8,32.5,30.5,32,30.1,30,34.5,31.4,30.1,31.4,31.6,30.9,31.4,30.8,30.3,33.7,26.9,57,75,74,53,68,59,76,61,80,53,76,70,70,68,74,55,70,69,67,74,52,62,69,65,66,69,65,63,65,61,84,0.1,0.2,0.5,0,0.1,0,0,2.4,0.2,0.5,0,0,0,0,2.7,0,0.2,0,0,0.2,0.2,0,0,0,0.1,0,0,0,0.7,0.8,6,7.3,14.5,9.7,11.6,7.3,13.8,19.5,13.5,17.2,26,30.7,21,16.8,20.6,0,16.5,12.7,11.5,12.5,17,15,13.7,10.7,17.1,11.8,17.3,5.8,12.5,25.8,6,30.5,20.2,20.5,14.8,20.5,8.3,15.1,31.7,24.5,25.9,41.4,47.9,27.7,22.3,31,6.1,27.7,18.7,15.1,15.5,25.9,23,14,16.2,24.8,16.6,19.8,12.6,18.4,45.4,14.4,48.2,,,,,,,,,,,,,,,,,,,,,,,,,,,,,,,,,,,,,,,,,,,,,,,,,,,,,,,,,,,,,,,,,,,,,,,,,,,,,,,,,,,,,,,,,,,,,,,,,,,,,,,,,,,,,,,,,,,,,,,,,,,,,,,,,,,,,,,,,,,,,,,,,,,,,,,,,,,,,,,,,,,,,,,,,,,,,,,,,,,,,,,,,,,,,,,,,,,,,,,,,,,,,,,,,,,,,,,,,,,,,,,,,,,,,,,,,,,,,,,,,,,,,,,,,,,,,,,,22.2204,114.2127
2025-07-24T22:00,27.8,28.4,27.8,29.4,29.1,27.9,28.1,28.4,29.3,28.2,27.8,27,28.8,28.3,27.7,27,28.1,28.9,28.3,28.1,28.8,28.9,28.8,27.7,28.8,28.1,28.6,28.1,27.5,27.7,29.8,27.9,29.3,27.7,28.3,28.2,27.2,27.4,27.1,28.1,84,86,82,78,83,85,85,90,79,85,89,91,87,86,88,90,89,82,85,86,83,86,82,92,81,86,86,90,84,87,84,88,82,86,86,84,87,91,87,86,0.1,0,0,0,0,0.3,0.5,0.4,0,0,0.3,0.6,0.1,0,0.6,0.4,2.7,0,0,0.1,0,0,0,0,0,0,0,1.2,0,0,2.4,0.2,0.1,0,0.7,0,10,0.7,0,0.8,16,19.9,8.3,7.5,5.4,4,3.3,7.9,3.7,4.6,7.7,12.9,10.1,6.7,20.2,5.1,8.5,7.6,8.1,8.9,7.9,22.3,3.3,24.9,12.6,6.2,10.6,15.6,8.2,5.6,4,12.7,2.3,7.2,1.8,13.7,17.3,11.8,9.7,10.8,,,,,,,,,,,,,,,,,,,,,,,,,,,,,,,,,,,,,,,,,33.3,30.2,30.2,33,30,32.6,29.4,31.2,26.5,31.9,28.6,30.1,30.6,30.4,29,32.5,30.4,32.2,29.8,30,34,31,30,31,31.6,30.8,31.1,30.6,29.4,33,26.6,58,74,75,56,69,63,76,68,81,53,78,72,71,68,77,55,70,68,69,73,55,65,69,67,67,70,66,64,70,62,86,0.1,0.2,0.5,0,0.1,0,0,2.4,0.2,0.5,0,0,0,0,2.7,0,0.2,0,0,0.2,0.2,0,0,0,0.1,0,0,0,0.7,0.8,6,6.3,11.5,9.5,9.8,6.8,11.3,18.1,16,16.7,19.8,29.5,21.7,16.3,18.6,3.9,16.2,10.7,9.5,14.1,17.5,18.7,11.2,8.7,17.6,10.9,15.5,4.6,11.7,29.4,6.4,33.2,17.6,17.3,14,17.6,7.2,12.6,29.9,23.4,24.5,33.8,45.4,32,23,29.9,6.8,28.4,16.2,14,17.6,27.4,27.7,11.9,12.6,26.6,17.3,18.7,11.2,16.9,47.5,11.9,49.3,,,,,,,,,,,,,,,,,,,,,,,,,,,,,,,,,,,,,,,,,,,,,,,,,,,,,,,,,,,,,,,,,,,,,,,,,,,,,,,,,,,,,,,,,,,,,,,,,,,,,,,,,,,,,,,,,,,,,,,,,,,,,,,,,,,,,,,,,,,,,,,,,,,,,,,,,,,,,,,,,,,,,,,,,,,,,,,,,,,,,,,,,,,,,,,,,,,,,,,,,,,,,,,,,,,,,,,,,,,,,,,,,,,,,,,,,,,,,,,,,,,,,,,,,,,,,,,,22.2204,114.2127
2025-07-24T23:00,27.8,28.4,27.8,29.4,29.1,27.9,28,28.4,29.3,28.2,27.7,27,28.7,28.3,27.6,27,28,29,28.4,28.1,28.8,29,28.9,27.8,28.7,28.1,28.7,28.1,27.5,27.7,29.7,27.9,29.2,27.7,28.3,28.3,27.3,27.3,27.1,28.1,84,85,83,78,83,85,85,91,79,85,89,91,87,86,88,90,89,82,85,86,83,86,82,91,81,86,86,89,85,87,84,88,81,85,85,83,87,91,86,86,0.1,0,0,0,0,0.3,0.5,0.4,0,0,0.3,0.6,0.1,0,0.6,0.4,2.7,0,0,0.1,0,0,0,0,0,0,0,1.2,0,0,2.4,0.2,0.1,0,0.7,0,10,0.7,0,0.8,15.2,19.2,8.3,7.3,4.3,3.5,2.7,7.9,4,4.2,7.9,12.9,9.8,6.5,19.8,4.7,8.2,7.1,7.4,8.8,7.9,20.5,2.6,24.9,12.6,5.5,10.1,16.6,7.5,6.3,3.1,12.4,2.5,6.6,1.3,13,15.1,11.5,9.2,11.2,,,,,,,,,,,,,,,,,,,,,,,,,,,,,,,,,,,,,,,,,33,30.1,30.1,32.5,29.8,32.1,29.2,30,26.4,31.6,28.5,30,30.4,30.1,28.5,32.3,30.3,32.3,29.5,29.9,33.5,30.6,30,30.7,31.6,30.6,30.9,30.4,28.6,32.6,26.5,59,74,75,59,70,66,77,73,82,54,79,72,72,68,78,55,70,67,70,73,57,67,69,68,67,70,68,65,74,64,88,0.1,0.2,0.5,0,0.1,0,0,2.4,0.2,0.5,0,0,0,0,2.7,0,0.2,0,0,0.2,0.2,0,0,0,0.1,0,0,0,0.7,0.8,6,8.1,10,9.4,7.1,5,9.5,16.9,18.1,16.1,15.5,27.8,22.3,15.6,16.9,6.8,16.5,9.5,9.2,14.4,17.9,21.3,8.8,6.9,18.2,10.6,13.7,6.2,11.1,32.8,7.9,35.5,18,15.1,13.7,15.5,6.8,11.2,27.7,23.8,23,28.1,42.5,34.6,23.4,28.8,8.3,29.5,14.8,13.7,18.4,28.4,31.7,10.1,9.7,28.1,18.4,17.6,11.2,16.6,51.1,10.8,51.1,,,,,,,,,,,,,,,,,,,,,,,,,,,,,,,,,,,,,,,,,,,,,,,,,,,,,,,,,,,,,,,,,,,,,,,,,,,,,,,,,,,,,,,,,,,,,,,,,,,,,,,,,,,,,,,,,,,,,,,,,,,,,,,,,,,,,,,,,,,,,,,,,,,,,,,,,,,,,,,,,,,,,,,,,,,,,,,,,,,,,,,,,,,,,,,,,,,,,,,,,,,,,,,,,,,,,,,,,,,,,,,,,,,,,,,,,,,,,,,,,,,,,,,,,,,,,,,,22.2204,114.2127
2025-07-25T00:00,27.7,28.5,27.8,29.4,29.1,27.9,28,28.3,29.3,28.2,27.6,27,28.7,28.3,27.6,26.9,28,29.1,28.4,28,28.9,29.2,28.9,27.9,28.7,28,28.7,28,27.4,27.7,29.6,27.9,29.2,27.7,28.3,28.3,27.5,27.2,27.2,28,83,84,83,78,83,85,86,91,79,85,89,91,87,86,88,91,90,81,85,86,83,84,81,91,82,85,85,89,85,86,84,87,81,85,85,83,87,91,86,87,0.1,0,0,0,0,0.3,0.5,0.4,0,0,0.3,0.6,0.1,0,0.6,0.4,2.7,0,0,0.1,0,0,0,0,0,0,0,1.2,0,0,2.4,0.2,0.1,0,0.7,0,10,0.7,0,0.8,14.1,17.9,8,7.2,3.3,3,1.8,7.6,4.3,3.5,8.2,12.4,9.8,6.3,19.5,4.7,8.2,6.5,6.3,8.7,7.7,18.1,1.5,25.2,12.7,4.3,9.7,17.2,6.8,7,2.5,11.9,2.9,5.9,0.7,12.4,13.8,11,8.9,11.6,,,,,,,,,,,,,,,,,,,,,,,,,,,,,,,,,,,,,,,,,32.8,29.9,30,32,29.6,31.9,29.1,29.4,26.4,31.6,28.4,29.9,30.3,29.9,28.5,32.1,30.1,32.2,29.2,29.8,33,30.4,29.8,30.4,31.6,30.4,30.6,30.2,28,32.3,26.5,59,74,75,60,70,67,77,76,82,54,79,72,72,69,79,57,71,66,71,74,59,68,69,70,66,71,69,66,77,65,88,0,0.8,0.5,0.1,0.3,0,0,3.5,0.1,0,0,0,0.2,0,0,0.1,0.1,0,0,0,0,0,0,0,0.4,0,0.1,0,5,2.5,1.5,12.9,10.8,8.9,2,1.1,10.2,15.1,18.6,14.8,14.2,25.2,21.6,14.3,16.8,8.3,17.1,10.6,9.7,12.7,18.6,22.6,7.9,4.8,18.6,9,12.8,8.4,11.5,37.4,8.7,38.1,24.1,16.2,13,14,7.6,12.6,24.1,26.6,20.2,26.3,39.6,34.6,22.7,28.8,10.4,30.6,15.8,14.4,15.8,29.5,34.2,8.3,7.2,28.8,20.5,17.6,13.3,18,56.5,11.9,53.6,,,,,,,,,,,,,,,,,,,,,,,,,,,,,,,,,,,,,,,,,,,,,,,,,,,,,,,,,,,,,,,,,,,,,,,,,,,,,,,,,,,,,,,,,,,,,,,,,,,,,,,,,,,,,,,,,,,,,,,,,,,,,,,,,,,,,,,,,,,,,,,,,,,,,,,,,,,,,,,,,,,,,,,,,,,,,,,,,,,,,,,,,,,,,,,,,,,,,,,,,,,,,,,,,,,,,,,,,,,,,,,,,,,,,,,,,,,,,,,,,,,,,,,,,,,,,,,,22.2204,114.2127
2025-07-25T01:00,27.7,28.6,27.8,29.4,29.1,27.8,27.9,28.2,29.3,28.2,27.6,27,28.7,28.3,27.5,26.9,27.9,29.2,28.4,28,29,29.3,28.9,28,28.6,28,28.7,27.9,27.4,27.7,29.4,27.9,29.1,27.7,28.2,28.3,27.7,27.1,27.3,28,83,83,83,79,83,85,86,91,80,85,89,90,87,86,88,91,90,81,85,86,83,83,81,90,82,85,85,89,86,86,84,87,81,85,85,82,87,92,86,87,0.1,0,0,0,0,0.3,0.5,0.4,0,0,0.3,0.6,0.1,0,0.6,0.4,2.7,0,0,0.1,0,0,0,0,0,0,0,1.2,0,0,2.4,0.2,0.1,0,0.7,0,10,0.7,0,0.8,13.3,16.9,7.6,6.8,2.6,2.9,1.1,7.6,5,2.9,8.4,12.4,9.5,6.1,19.5,4.7,7.9,6.1,5.4,8.6,7.2,15.7,0.8,25.4,12.6,3.7,9.4,18.2,6.1,7.4,3,11.5,3.4,5.4,1.3,11.9,13.9,10.5,9,12.1,,,,,,,,,,,,,,,,,,,,,,,,,,,,,,,,,,,,,,,,,32.7,29.7,29.9,31.6,29.4,31.8,29,29,26.4,31.7,28.3,29.8,30.2,29.5,28.7,31.8,30,32,29,29.6,32.6,30.1,29.5,30,31.5,30.1,30.4,30,27.6,32.1,26.5,58,74,76,61,70,67,77,79,82,53,78,71,72,70,78,60,72,65,72,75,61,68,69,72,64,72,70,67,78,67,87,0,0.8,0.5,0.1,0.3,0,0,3.5,0.1,0,0,0,0.2,0,0,0.1,0.1,0,0,0,0,0,0,0,0.4,0,0.1,0,5,2.5,1.5,19.8,13,8.4,4.1,3.9,11.5,12.8,20.4,13.8,14.4,21.9,19.6,13,17,10.1,18.2,12.5,10.8,10,19.4,23.2,7.2,3.3,19.2,8.8,12.3,10.8,12.2,44.6,10.3,40.5,33.1,18.7,11.9,13.3,9,15.1,20.2,30.6,17.3,26.6,37.1,33.1,20.9,28.8,13,32,18,15.8,11.9,30.6,36.4,6.8,5,29.5,23.4,17.6,16.6,19.8,63,14.4,56.5,,,,,,,,,,,,,,,,,,,,,,,,,,,,,,,,,,,,,,,,,,,,,,,,,,,,,,,,,,,,,,,,,,,,,,,,,,,,,,,,,,,,,,,,,,,,,,,,,,,,,,,,,,,,,,,,,,,,,,,,,,,,,,,,,,,,,,,,,,,,,,,,,,,,,,,,,,,,,,,,,,,,,,,,,,,,,,,,,,,,,,,,,,,,,,,,,,,,,,,,,,,,,,,,,,,,,,,,,,,,,,,,,,,,,,,,,,,,,,,,,,,,,,,,,,,,,,,,22.2204,114.2127
2025-07-25T02:00,27.6,28.7,27.9,29.4,29.2,27.8,27.8,28.2,29.3,28.2,27.5,27,28.6,28.2,27.4,26.8,27.8,29.3,28.4,28,29,29.4,28.9,28.1,28.6,27.9,28.7,27.8,27.3,27.7,29.3,27.9,29,27.7,28.2,28.3,28,27,27.4,28,83,82,83,79,83,86,86,92,80,85,89,90,87,86,88,91,91,80,85,85,83,82,81,89,82,85,85,89,86,86,84,87,81,84,85,81,87,92,86,87,0.1,0,0,0,0,0.3,0.5,0.4,0,0,0.3,0.6,0.1,0,0.6,0.4,2.7,0,0,0.1,0,0,0,0,0,0,0,1.2,0,0,2.4,0.2,0.1,0,0.7,0,10,0.7,0,0.8,12.6,15.8,7.3,6.6,2.7,2.5,1.3,7.1,5.4,2.5,8.3,12.4,9.7,6,19.4,4.6,7.7,6.1,4,8.6,7.3,13.7,1.4,26.1,13,2.6,9.2,18.9,5.5,7.9,4.4,11.2,3.9,5.1,2.4,11.4,15.9,10.4,9,12.1,,,,,,,,,,,,,,,,,,,,,,,,,,,,,,,,,,,,,,,,,32.5,29.5,29.7,31.3,29.2,31.6,28.9,28.7,26.4,31.6,28.1,29.7,30.2,29.3,28.9,31.4,29.8,31.8,28.8,29.5,32.2,29.9,29.4,29.7,31.5,30,30.2,29.9,27.3,31.9,26.4,58,74,76,62,70,67,77,81,82,54,77,70,71,71,78,62,73,64,73,75,62,68,69,74,63,73,71,68,80,68,87,0,0.8,0.5,0.1,0.3,0,0,3.5,0.1,0,0,0,0.2,0,0,0.1,0.1,0,0,0,0,0,0,0,0.4,0,0.1,0,5,2.5,1.5,24.5,14.5,8.1,8.2,8.1,11.1,11,22.9,12.6,14.8,19.2,17.8,12,17.3,12.1,19.5,13.6,11.9,6.8,18.7,23.5,6.1,2.3,19.2,10.8,11.7,12.2,12.7,47.7,11.8,41.8,39.2,21.2,11.9,13.3,11.2,16.6,16.6,33.8,14.8,27.7,34.2,31.3,19.4,29.5,16.6,33.1,19.4,18,8.6,30.2,38.2,6.5,4,29.2,25.9,17.3,19.4,20.9,68.8,16.6,58,,,,,,,,,,,,,,,,,,,,,,,,,,,,,,,,,,,,,,,,,,,,,,,,,,,,,,,,,,,,,,,,,,,,,,,,,,,,,,,,,,,,,,,,,,,,,,,,,,,,,,,,,,,,,,,,,,,,,,,,,,,,,,,,,,,,,,,,,,,,,,,,,,,,,,,,,,,,,,,,,,,,,,,,,,,,,,,,,,,,,,,,,,,,,,,,,,,,,,,,,,,,,,,,,,,,,,,,,,,,,,,,,,,,,,,,,,,,,,,,,,,,,,,,,,,,,,,,22.2204,114.2127
2025-07-25T03:00,27.6,28.7,27.9,29.4,29.2,27.7,27.8,28.1,29.3,28.1,27.4,27,28.6,28.2,27.4,26.8,27.7,29.4,28.4,28,29.1,29.5,28.9,28.2,28.5,27.9,28.8,27.8,27.2,27.8,29.1,27.9,28.9,27.7,28.2,28.3,28.2,26.9,27.4,28,83,80,83,79,83,86,86,92,80,85,89,90,87,87,88,91,91,80,85,85,82,81,81,88,83,85,85,89,87,86,83,87,80,84,85,80,87,92,85,88,0.1,0,0,0,0,0.3,0.5,0.4,0,0,0.3,0.6,0.1,0,0.6,0.4,2.7,0,0,0.1,0,0,0,0,0,0,0,1.2,0,0,2.4,0.2,0.1,0,0.7,0,10,0.7,0,0.8,12.1,14.7,7.1,6.6,3.2,2.7,2.1,6.8,6.1,2.4,8.6,12.1,9.4,5.7,19.6,4.7,7.4,5.9,3.3,8.7,6.9,11.8,2.5,26.7,13.5,1.8,9,19.6,4.8,8.4,5.8,11,4.5,4.9,3.8,10.8,19.1,9.9,9.3,12.7,,,,,,,,,,,,,,,,,,,,,,,,,,,,,,,,,,,,,,,,,32.2,29.5,29.5,31,29,31.5,28.8,28.4,26.4,31.2,27.9,29.5,30.1,29.2,29,31.1,29.5,31.4,28.6,29.4,31.9,29.7,29.1,29.5,31.4,30,30.1,29.8,27.2,31.7,26.2,59,74,76,63,71,67,76,83,81,57,75,70,71,71,78,64,74,65,73,75,63,69,70,75,63,73,71,68,82,69,88,0,0.5,0.1,0,0.3,0,0.1,2.4,0,0.2,0,0,0.2,0,0,0.1,0,0,0,0.3,0,0.1,0,0,0,0.2,0.4,0,6.1,1.7,7,24.8,14.9,8.7,8.9,10.7,8.6,9.5,23.3,11.5,15.8,16.9,16.3,10.1,17.7,13.5,20.8,12.6,13.7,3.4,14.8,23.6,5.8,3,18.1,12.8,10.3,12.5,11.9,45.1,12.6,41.2,39.6,23.4,13.3,14,14,14.8,13.7,35.6,13.7,29.5,31.3,29.5,17.6,31,21.6,34.2,19.4,21.6,6.8,27,39.6,8.6,4.7,28.1,27.7,15.5,20.5,19.4,74.2,17.6,57.2,,,,,,,,,,,,,,,,,,,,,,,,,,,,,,,,,,,,,,,,,,,,,,,,,,,,,,,,,,,,,,,,,,,,,,,,,,,,,,,,,,,,,,,,,,,,,,,,,,,,,,,,,,,,,,,,,,,,,,,,,,,,,,,,,,,,,,,,,,,,,,,,,,,,,,,,,,,,,,,,,,,,,,,,,,,,,,,,,,,,,,,,,,,,,,,,,,,,,,,,,,,,,,,,,,,,,,,,,,,,,,,,,,,,,,,,,,,,,,,,,,,,,,,,,,,,,,,,22.2204,114.2127
2025-07-25T04:00,27.5,28.8,27.9,29.4,29.2,27.7,27.8,28,29.3,28.1,27.4,27,28.6,28.2,27.3,26.8,27.6,29.5,28.4,27.9,29.1,29.6,29,28.3,28.4,27.8,28.8,27.7,27.2,27.8,29,27.9,28.8,27.6,28.1,28.3,28.4,26.8,27.5,27.9,83,79,84,79,83,86,87,92,80,85,89,90,87,87,89,91,92,79,85,85,82,80,81,87,83,85,85,88,87,86,83,87,80,84,85,79,87,92,85,88,0.1,0,0,0,0,0.3,0.5,0.4,0,0,0.3,0.6,0.1,0,0.6,0.4,2.7,0,0,0.1,0,0,0,0,0,0,0,1.2,0,0,2.4,0.2,0.1,0,0.7,0,10,0.7,0,0.8,11.6,14.2,6.7,7.1,4.4,2.6,3.1,6.8,6.5,2.8,8.9,12.1,9.1,5.6,19.5,5,7.1,5.5,2.9,8.8,6.6,10.2,3.8,27.7,14,1.5,9,20.6,4.3,8.9,7.7,10.9,5.2,4.8,4.8,10.5,22.7,9.5,10,13.1,,,,,,,,,,,,,,,,,,,,,,,,,,,,,,,,,,,,,,,,,31.9,29.4,29.4,30.6,28.6,31.5,28.7,28,26.4,30.8,27.6,29.4,30,29.2,29.2,31,29.1,31,28.6,29.2,31.6,29.5,29,29.4,31.1,30,30,29.6,27.2,31.5,25.9,60,73,77,65,73,66,75,84,81,61,73,70,70,71,77,65,74,67,72,74,63,71,71,76,64,72,72,68,84,70,90,0,0.5,0.1,0,0.3,0,0.1,2.4,0,0.2,0,0,0.2,0,0,0.1,0,0,0,0.3,0,0.1,0,0,0,0.2,0.4,0,6.1,1.7,7,22.9,15.3,10.5,9.4,12.3,5.9,8.4,23,10.5,18.7,15.7,14.8,8.5,18.2,15,22.5,12.1,15.5,0.8,10.9,23.4,7.6,4.3,16.8,14.8,9.4,12,10.6,46.9,12.8,39.2,37.4,25.6,15.5,15.1,17.3,11.5,11.2,36.4,13.3,32,28.4,27,16.2,32.4,27.4,35.3,18.7,25.9,6.1,22,40.7,11.9,6.1,25.9,28.8,13.3,20.9,16.9,78.8,18.4,54.7,,,,,,,,,,,,,,,,,,,,,,,,,,,,,,,,,,,,,,,,,,,,,,,,,,,,,,,,,,,,,,,,,,,,,,,,,,,,,,,,,,,,,,,,,,,,,,,,,,,,,,,,,,,,,,,,,,,,,,,,,,,,,,,,,,,,,,,,,,,,,,,,,,,,,,,,,,,,,,,,,,,,,,,,,,,,,,,,,,,,,,,,,,,,,,,,,,,,,,,,,,,,,,,,,,,,,,,,,,,,,,,,,,,,,,,,,,,,,,,,,,,,,,,,,,,,,,,,22.2204,114.2127
2025-07-25T05:00,27.5,28.9,27.9,29.3,29.2,27.6,27.7,27.9,29.3,28.1,27.3,27,28.5,28.2,27.2,26.7,27.5,29.6,28.4,27.9,29.1,29.7,29,28.5,28.4,27.8,28.8,27.6,27.1,27.8,28.8,27.9,28.8,27.6,28.1,28.3,28.6,26.7,27.6,27.9,83,78,84,80,83,86,87,92,81,85,89,90,87,87,89,91,92,79,85,85,82,79,81,86,83,85,84,88,88,86,84,87,80,83,84,79,87,92,85,88,0.1,0,0,0,0,0.3,0.5,0.4,0,0,0.3,0.6,0.1,0,0.6,0.4,2.7,0,0,0.1,0,0,0,0,0,0,0,1.2,0,0,2.4,0.2,0.1,0,0.7,0,10,0.7,0,0.8,11.2,13.6,6.5,7.2,5,2.8,4.1,6.4,6.9,2.9,8.8,12.1,9.1,5.2,19.7,5.2,6.9,5.6,2.8,8.9,6.5,9.2,4.7,28.7,14.6,1.5,9,21.3,4,9.2,9.2,10.8,5.7,4.9,5.9,10.3,26.5,9.4,10.6,13.2,,,,,,,,,,,,,,,,,,,,,,,,,,,,,,,,,,,,,,,,,31.6,29.4,29.3,30.5,28.5,31.5,28.8,27.7,26.4,30.4,27.5,29.2,30.1,29.2,29.5,30.8,29,30.7,28.6,29.2,31.5,29.5,29,29.4,31,30,30,29.6,27.3,31.4,25.6,61,73,77,65,74,65,73,85,80,64,71,70,69,71,75,65,74,68,71,73,63,71,71,76,64,71,71,68,86,70,92,0,0.5,0.1,0,0.3,0,0.1,2.4,0,0.2,0,0,0.2,0,0,0.1,0,0,0,0.3,0,0.1,0,0,0,0.2,0.4,0,6.1,1.7,7,21.1,15,13,10.5,13.2,6.7,7.2,23.4,9.6,21.9,15.3,13.8,8.2,18.9,16.4,24.1,12.3,16.6,3.1,9.8,23.2,9.7,5.2,15.3,16.5,8.4,12,10,51.7,12.3,36.3,35.3,26.3,17.6,16.9,19.8,10.4,9.4,37.4,13,33.8,26.3,24.8,14.8,33.1,31.7,36.4,18.7,28.8,6.1,18.7,40.7,14.4,7.6,24.1,29.9,11.9,21.2,15.1,80.3,18.7,51.1,,,,,,,,,,,,,,,,,,,,,,,,,,,,,,,,,,,,,,,,,,,,,,,,,,,,,,,,,,,,,,,,,,,,,,,,,,,,,,,,,,,,,,,,,,,,,,,,,,,,,,,,,,,,,,,,,,,,,,,,,,,,,,,,,,,,,,,,,,,,,,,,,,,,,,,,,,,,,,,,,,,,,,,,,,,,,,,,,,,,,,,,,,,,,,,,,,,,,,,,,,,,,,,,,,,,,,,,,,,,,,,,,,,,,,,,,,,,,,,,,,,,,,,,,,,,,,,,22.2204,114.2127
2025-07-25T06:00,27.4,28.9,27.9,29.3,29.2,27.6,27.7,27.8,29.3,28.1,27.2,27,28.5,28.2,27.2,26.7,27.5,29.7,28.4,27.9,29.2,29.8,29,28.6,28.3,27.7,28.8,27.6,27.1,27.8,28.7,28,28.7,27.6,28.1,28.4,28.8,26.6,27.7,27.9,83,77,84,80,83,86,87,93,81,85,89,89,87,87,89,91,93,79,85,85,82,78,81,85,84,84,84,88,88,86,84,86,80,83,84,78,87,92,84,89,0.1,0,0,0,0,0.3,0.5,0.4,0,0,0.3,0.6,0.1,0,0.6,0.4,2.7,0,0,0.1,0,0,0,0,0,0,0,1.2,0,0,2.4,0.2,0.1,0,0.7,0,10,0.7,0,0.8,11.1,12.9,6.2,7.4,6,3.1,4.8,6.4,7.2,3.5,9.2,11.7,8.9,5.2,20.3,5.4,6.6,5.5,3.2,8.7,6.3,8.7,5.5,29.6,14.9,1.8,9.2,22,3.8,9.5,10.7,10.8,6.2,5.4,6.6,10,29.5,9,11.5,13.7,,,,,,,,,,,,,,,,,,,,,,,,,,,,,,,,,,,,,,,,,31.6,29.4,29.3,30.7,28.5,31.8,29,27.5,26.5,30.2,27.8,29.2,30.2,29.4,29.9,30.8,29.2,30.6,28.8,29.5,31.5,29.6,29.1,29.5,31,30.3,30.1,29.8,27.4,31.4,25.6,61,73,77,63,74,63,71,86,80,64,68,71,68,71,72,65,74,69,71,71,63,70,70,75,64,69,70,67,87,70,92,0,0.3,0,0,0.1,0,0,3,0,0,0,0,0,0,0,0,0,0,0,0.1,0,0.2,0,0,0.2,0,0.2,0,2.5,0,4.1,21,14.9,14.8,11.7,13.8,8.9,6.2,24.4,9.3,23.2,14.8,13.1,8.6,19.4,17.8,25.6,13,16.6,5.2,10,22.4,10.5,5.5,14,17.5,7.6,12.6,10.5,47.6,11.3,32.1,34.9,24.8,20.2,20.2,21.6,13,8.3,38.2,12.6,34.2,25.6,22.7,14,32.4,33.8,37.8,20.2,29.2,7.9,18.7,39.6,15.1,7.6,22.3,31,11.5,22,15.8,75.2,18.7,45.4,,,,,,,,,,,,,,,,,,,,,,,,,,,,,,,,,,,,,,,,,,,,,,,,,,,,,,,,,,,,,,,,,,,,,,,,,,,,,,,,,,,,,,,,,,,,,,,,,,,,,,,,,,,,,,,,,,,,,,,,,,,,,,,,,,,,,,,,,,,,,,,,,,,,,,,,,,,,,,,,,,,,,,,,,,,,,,,,,,,,,,,,,,,,,,,,,,,,,,,,,,,,,,,,,,,,,,,,,,,,,,,,,,,,,,,,,,,,,,,,,,,,,,,,,,,,,,,,22.2204,114.2127
2025-07-25T07:00,27.4,29,27.9,29.3,29.2,27.6,27.8,27.8,29.3,28.2,27.2,27,28.5,28.2,27.2,26.7,27.5,29.8,28.5,27.9,29.1,30,29,28.6,28.3,27.7,28.9,27.5,27,27.9,28.6,28,28.7,27.7,28.1,28.4,28.9,26.6,27.8,27.9,83,77,84,80,83,86,87,93,81,85,89,89,87,87,89,91,93,78,85,85,83,77,81,85,84,84,84,88,88,86,84,86,80,83,84,77,87,92,84,89,0.1,0,0,0,0,0.3,0.5,0.4,0,0,0.3,0.6,0.1,0,0.6,0.4,2.7,0,0,0.1,0,0,0,0,0,0,0,1.2,0,0,2.4,0.2,0.1,0,0.7,0,10,0.7,0,0.8,10.9,13,5.8,7.7,6.3,3.1,5.5,6,7.6,3.8,9.1,11.7,8.9,5.1,20.9,5.6,6.4,5.4,3.7,8.8,6.2,8.8,6,30.9,15.1,2,9.3,22.7,3.9,9.3,12.2,11.1,6.7,5.4,7.3,9.7,32.1,9,12.2,13.8,,,,,,,,,,,,,,,,,,,,,,,,,,,,,,,,,,,,,,,,,31.5,29.4,29.3,31,28.5,32.1,29.5,27.2,26.5,30.2,28.2,29.2,30.5,29.6,30.4,30.9,29.5,30.6,29,29.9,31.6,30,29.4,29.8,31,30.6,30.2,30,27.5,31.5,25.7,61,74,77,61,73,59,68,88,80,63,65,72,66,70,68,63,73,69,70,68,62,68,68,74,65,67,68,67,88,69,92,0,0.3,0,0,0.1,0,0,3,0,0,0,0,0,0,0,0,0,0,0,0.1,0,0.2,0,0,0.2,0,0.2,0,2.5,0,4.1,21.1,14.4,16.6,13.5,14.1,11.2,5,25.6,9.1,23.4,14.5,12.3,9,19.7,19.1,27,13.9,16.3,7.2,10.8,21.4,10.5,5.3,12.5,18.2,7.3,14.1,11.2,41.5,11.3,26.8,35.3,21.6,23,24.1,22.3,17.3,7.6,39.2,12.2,34.2,25.6,20.2,13.7,30.6,34.9,39.2,22.3,28.1,10.8,20.2,37.4,14.8,7.2,20.5,32,11.9,22.7,17.3,67,18.7,38.5,,,,,,,,,,,,,,,,,,,,,,,,,,,,,,,,,,,,,,,,,,,,,,,,,,,,,,,,,,,,,,,,,,,,,,,,,,,,,,,,,,,,,,,,,,,,,,,,,,,,,,,,,,,,,,,,,,,,,,,,,,,,,,,,,,,,,,,,,,,,,,,,,,,,,,,,,,,,,,,,,,,,,,,,,,,,,,,,,,,,,,,,,,,,,,,,,,,,,,,,,,,,,,,,,,,,,,,,,,,,,,,,,,,,,,,,,,,,,,,,,,,,,,,,,,,,,,,,22.2204,114.2127
2025-07-25T08:00,27.4,29,27.9,29.3,29.2,27.6,27.8,27.7,29.3,28.2,27.2,27,28.5,28.2,27.1,26.8,27.5,29.8,28.5,27.9,29.1,30.1,29.1,28.7,28.3,27.7,28.9,27.5,27,27.9,28.5,28,28.7,27.7,28.1,28.4,29,26.5,27.8,28,83,76,84,80,83,86,87,93,81,85,89,89,87,87,89,91,93,78,85,85,83,76,81,84,84,84,84,88,88,86,84,86,80,83,84,77,87,92,84,89,0.1,0,0,0,0,0.3,0.5,0.4,0,0,0.3,0.6,0.1,0,0.6,0.4,2.7,0,0,0.1,0,0,0,0,0,0,0,1.2,0,0,2.4,0.2,0.1,0,0.7,0,10,0.7,0,0.8,10.8,12.8,5.5,7.7,6.5,3.1,5.9,6,7.6,3.8,9.5,11.7,8.9,4.7,21.2,5.6,6.2,5.2,3.6,8.4,6.2,8.6,6.4,31.6,15.3,2.3,9.3,23.4,3.5,9.3,13.2,11.1,6.7,5.6,7.8,9.4,33.3,8.6,12.9,14.1,,,,,,,,,,,,,,,,,,,,,,,,,,,,,,,,,,,,,,,,,31.3,29.6,29.6,31.5,28.9,32.7,30.2,27.1,26.9,30.4,29,29.5,31,29.9,31,31.1,30.1,30.9,29.4,30.4,31.9,30.5,29.9,30.1,31.2,31.2,30.6,30.5,27.7,31.9,25.8,62,73,75,58,71,56,65,89,78,62,62,71,64,69,64,62,71,68,69,66,61,65,66,71,64,64,65,65,88,67,92,0,0.3,0,0,0.1,0,0,3,0,0,0,0,0,0,0,0,0,0,0,0.1,0,0.2,0,0,0.2,0,0.2,0,2.5,0,4.1,20.5,13.7,17.7,15.6,13.5,13.3,5.4,27.3,9.2,23.8,14.3,11.9,9,19.5,19.9,27.2,14.2,15.8,9,11.6,21.1,9.4,5.4,11.5,18.9,7.6,15.5,12,40.1,11.6,21.5,34.6,18.7,24.8,26.6,22.7,20.9,7.6,41,12.2,34.2,25.6,18.4,13.3,28.4,34.9,39.2,23.4,26.3,13.7,21.2,35.3,14.4,7.6,19.1,32.4,12.6,23,18.4,60.5,18.4,31.7,,,,,,,,,,,,,,,,,,,,,,,,,,,,,,,,,,,,,,,,,,,,,,,,,,,,,,,,,,,,,,,,,,,,,,,,,,,,,,,,,,,,,,,,,,,,,,,,,,,,,,,,,,,,,,,,,,,,,,,,,,,,,,,,,,,,,,,,,,,,,,,,,,,,,,,,,,,,,,,,,,,,,,,,,,,,,,,,,,,,,,,,,,,,,,,,,,,,,,,,,,,,,,,,,,,,,,,,,,,,,,,,,,,,,,,,,,,,,,,,,,,,,,,,,,,,,,,,22.2204,114.2127
2025-07-25T09:00,27.4,29,27.9,29.3,29.2,27.6,27.9,27.7,29.3,28.2,27.2,27,28.5,28.3,27.1,26.8,27.5,29.9,28.5,27.9,29,30.3,29.1,28.8,28.4,27.7,28.9,27.5,27,28,28.4,28.1,28.7,27.7,28.2,28.5,29,26.5,27.9,28,83,76,84,80,83,86,87,93,81,85,89,89,87,87,89,91,93,78,85,85,84,75,81,84,84,84,84,88,88,86,84,86,80,83,84,77,87,92,84,89,0,0,0,0,0,0.1,0,2,0.8,0,0.1,0.5,0,0,1.8,0.4,1.1,0,0,0,1,0,0.3,0.1,0,0,0.4,0.3,0,0.1,1.5,0.1,0,0,0.3,0,0.7,0.8,0,0.1,10.8,13,5.2,7.4,6.4,3.1,5.9,6,7.6,3.4,9.8,11.7,9.2,4.4,21.7,5.6,6,4.9,3.6,8.1,6.1,8.3,6.6,32.4,15.3,2.3,9.3,24.1,3.2,9,14,11.3,6.5,5.6,7.9,8.9,33.5,8.3,13.4,14.5,,,,,,,,,,,,,,,,,,,,,,,,,,,,,,,,,,,,,,,,,30.5,30.4,30.4,32.3,29.9,33.5,31.2,27,27.9,30.9,30.1,30.2,32.1,30.4,32.1,31.6,31.4,31.7,30.1,31.1,32.4,31.8,30.8,30.9,31.9,32.1,31.5,31.6,28.2,32.8,25.9,65,69,71,55,68,52,62,90,74,60,58,68,60,67,60,60,66,65,66,63,59,60,63,67,61,60,61,62,85,63,92,0.1,0,0,0,0,0,0,6.5,0,0,0,0,0,0,0,0,0,0,0,0,0,0,0,0,0,0,0,0,1.4,0,1.3,18.8,12.6,18.7,17,12.5,14.8,6.8,31,9.4,24.5,14.8,12,8.4,18.4,19.5,26.1,13.6,14.9,11.2,12.6,21,6.9,6.4,11.2,19.5,9.5,16.6,12.2,40.9,12.1,17,32.8,15.8,25.6,26.6,21.6,22.7,8.6,45.4,13,34.6,25.2,16.9,12.6,25.9,33.1,37.1,22,23.4,15.8,21.6,32.8,14,9,18,31,14,23.4,18,58.7,17.3,25.2,,,,,,,,,,,,,,,,,,,,,,,,,,,,,,,,,,,,,,,,,,,,,,,,,,,,,,,,,,,,,,,,,,,,,,,,,,,,,,,,,,,,,,,,,,,,,,,,,,,,,,,,,,,,,,,,,,,,,,,,,,,,,,,,,,,,,,,,,,,,,,,,,,,,,,,,,,,,,,,,,,,,,,,,,,,,,,,,,,,,,,,,,,,,,,,,,,,,,,,,,,,,,,,,,,,,,,,,,,,,,,,,,,,,,,,,,,,,,,,,,,,,,,,,,,,,,,,,22.2204,114.2127
2025-07-25T10:00,27.5,29,27.9,29.4,29.3,27.6,28.1,27.6,29.3,28.2,27.2,27,28.5,28.3,27.1,26.9,27.6,29.9,28.5,28,28.8,30.5,29.2,28.9,28.4,27.8,28.9,27.6,27.1,28.1,28.3,28.1,28.7,27.8,28.2,28.5,29,26.5,27.9,28.1,83,76,84,80,82,86,86,93,81,85,89,89,87,87,89,90,93,78,84,85,85,74,81,83,84,83,84,88,87,86,85,86,80,83,84,77,88,92,84,89,0,0,0,0,0,0.1,0,2,0.8,0,0.1,0.5,0,0,1.8,0.4,1.1,0,0,0,1,0,0.3,0.1,0,0,0.4,0.3,0,0.1,1.5,0.1,0,0,0.3,0,0.7,0.8,0,0.1,10.9,12.9,5,7.1,5.6,2.5,5.9,5.8,7.2,3.1,9.8,11.7,9,4.1,22.7,5.7,5.8,4.9,2.9,7.6,5.8,8,6.3,33.2,14.9,2.3,9.4,24.5,3,8.2,14.7,11.4,6.3,5.6,8,8.4,32.5,8.3,14,14.3,,,,,,,,,,,,,,,,,,,,,,,,,,,,,,,,,,,,,,,,,29.5,31.5,31.4,33.3,31,34.7,32.4,26.9,29.1,31.6,31.5,31.2,33.5,31,33.3,32.3,33,32.8,31,32,33,33.3,31.9,31.9,32.8,33.2,32.6,32.9,28.9,33.8,26,70,65,67,52,63,48,58,90,69,58,54,64,54,65,55,58,59,61,63,61,57,53,58,61,58,56,56,58,81,59,91,0.1,0,0,0,0,0,0,6.5,0,0,0,0,0,0,0,0,0,0,0,0,0,0,0,0,0,0,0,0,1.4,0,1.3,16.2,11.2,19.1,17.8,11.8,16.5,8,35.5,10,25,15.6,12.1,7.6,16.7,18.5,23.8,13.5,14,13.5,14.5,21,5.4,7.9,11.8,20,12,17.1,12.6,41.6,12.2,13,30.2,13,25.2,25.6,19.4,23.8,10.1,50.4,13.7,35.3,25.2,15.8,11.5,23,30.2,33.5,19.4,19.8,17.6,21.6,29.9,13.7,11.2,16.9,28.8,15.8,23.4,16.9,59,16.2,19.1,,,,,,,,,,,,,,,,,,,,,,,,,,,,,,,,,,,,,,,,,,,,,,,,,,,,,,,,,,,,,,,,,,,,,,,,,,,,,,,,,,,,,,,,,,,,,,,,,,,,,,,,,,,,,,,,,,,,,,,,,,,,,,,,,,,,,,,,,,,,,,,,,,,,,,,,,,,,,,,,,,,,,,,,,,,,,,,,,,,,,,,,,,,,,,,,,,,,,,,,,,,,,,,,,,,,,,,,,,,,,,,,,,,,,,,,,,,,,,,,,,,,,,,,,,,,,,,,22.2204,114.2127
2025-07-25T11:00,27.6,28.9,27.8,29.4,29.3,27.7,28.3,27.6,29.3,28.3,27.2,26.9,28.5,28.4,27.1,27,27.7,30,28.6,28,28.7,30.7,29.3,28.9,28.5,27.8,28.9,27.6,27.1,28.1,28.2,28.2,28.8,27.8,28.3,28.6,29,26.5,28,28.2,83,76,84,80,82,86,86,93,81,84,89,89,87,86,89,90,92,77,84,85,86,73,81,83,84,83,84,88,87,86,86,85,81,83,83,77,88,92,84,89,0,0,0,0,0,0.1,0,2,0.8,0,0.1,0.5,0,0,1.8,0.4,1.1,0,0,0,1,0,0.3,0.1,0,0,0.4,0.3,0,0.1,1.5,0.1,0,0,0.3,0,0.7,0.8,0,0.1,11,13.6,4.6,6.6,4.8,2.3,6,5.8,6.9,2.4,10.2,11.8,9.2,3.9,23.8,5.8,5.8,4.2,2.2,7.2,5.4,7.4,6,33.7,14.2,2.3,9,24.9,2.5,7.1,15.2,11.4,6,5.4,7.8,7.9,31,8,14.4,14.5,,,,,,,,,,,,,,,,,,,,,,,,,,,,,,,,,,,,,,,,,29,32.3,32.1,34.2,31.9,35.6,33.4,26.9,30.2,32.3,32.7,32,34.5,31.5,34,32.8,34.2,33.8,31.9,32.5,33.7,34.5,32.8,32.5,33.5,34.1,33.5,34,29.3,34.7,26.2,72,61,63,50,60,45,55,90,64,55,51,60,50,63,53,57,54,57,59,60,55,48,55,57,55,53,52,55,78,55,90,0.1,0,0,0,0,0,0,6.5,0,0,0,0,0,0,0,0,0,0,0,0,0,0,0,0,0,0,0,0,1.4,0,1.3,14,9.7,19.5,18,12.9,17.3,8.6,38,9.2,25.5,15.9,11.6,6.7,15.1,18.1,21.8,13.4,13.1,14.7,17.1,20.9,5.6,8.4,12.4,20.5,13.6,17.4,13.1,41.8,12.1,9.4,27.7,10.8,24.8,24.5,18,23.8,11.2,53.3,14,35.3,24.8,15.1,11.5,20.5,28.4,30.2,17.6,17.6,18.7,22.3,28.1,13.3,13,16.2,27.7,17.3,23.4,16.6,58.7,15.5,14.4,,,,,,,,,,,,,,,,,,,,,,,,,,,,,,,,,,,,,,,,,,,,,,,,,,,,,,,,,,,,,,,,,,,,,,,,,,,,,,,,,,,,,,,,,,,,,,,,,,,,,,,,,,,,,,,,,,,,,,,,,,,,,,,,,,,,,,,,,,,,,,,,,,,,,,,,,,,,,,,,,,,,,,,,,,,,,,,,,,,,,,,,,,,,,,,,,,,,,,,,,,,,,,,,,,,,,,,,,,,,,,,,,,,,,,,,,,,,,,,,,,,,,,,,,,,,,,,,22.2204,114.2127
2025-07-25T12:00,27.6,28.9,27.8,29.4,29.3,27.8,28.5,27.5,29.3,28.3,27.2,26.9,28.5,28.4,27.1,27.1,27.8,30,28.6,28,28.5,31,29.3,29,28.6,27.9,29,27.7,27.2,28.2,28.1,28.3,28.9,27.9,28.4,28.6,28.9,26.6,28.1,28.4,83,76,84,79,81,85,86,93,81,84,89,89,87,86,90,89,92,77,84,85,87,73,81,83,84,82,84,89,86,87,86,85,81,83,83,77,88,91,84,89,0,0,0,0,0,0.1,0,2,0.8,0,0.1,0.5,0,0,1.8,0.4,1.1,0,0,0,1,0,0.3,0.1,0,0,0.4,0.3,0,0.1,1.5,0.1,0,0,0.3,0,0.7,0.8,0,0.1,11,14.3,4,6,3.7,1.9,5.7,5.7,6.6,1.8,10.6,12.2,9.4,3.7,25,6,5.6,4,1.5,6.4,5.1,6.5,5.9,34.6,13.6,2.5,9,25.3,2.6,6.1,15.7,11.8,5.7,5.3,7.6,7.2,28.2,7.6,14.8,14.7,,,,,,,,,,,,,,,,,,,,,,,,,,,,,,,,,,,,,,,,,29.4,32.8,32.5,35,32.2,36.5,34.2,27,31.1,33,33.5,32.8,35.2,32.3,33.7,33,35.2,34.4,32.8,32.3,34.4,34.8,33.7,33,34,34.7,34.1,34.7,29.4,35.3,26.7,71,60,61,48,59,43,52,89,60,53,50,58,48,60,54,57,51,55,55,62,53,46,53,55,53,51,50,53,77,53,87,0,0,0,0,0.3,0,0,2.7,0,0,0,0,0,0,0.8,0,0,0,0,0.3,0.1,0,0,0,0,0,0,0,0.7,0,0.3,13.3,9.2,19.8,17.9,13.6,16.4,8.3,37.7,6.6,26.2,15.8,10.9,7.4,13.9,19.2,21.2,13.8,12.7,14.2,20.1,20.6,5.2,8,13.5,21.4,13.8,16.9,13.8,40.8,11.9,6.3,24.8,10.1,24.8,24.5,17.6,22.3,11.2,51.8,13,35.3,24.8,14.4,12.6,18.7,29.9,28.1,16.6,17.3,18.4,24.8,28.1,13,14,16.2,28.4,17.3,23,17.6,56.9,16.2,12.6,,,,,,,,,,,,,,,,,,,,,,,,,,,,,,,,,,,,,,,,,,,,,,,,,,,,,,,,,,,,,,,,,,,,,,,,,,,,,,,,,,,,,,,,,,,,,,,,,,,,,,,,,,,,,,,,,,,,,,,,,,,,,,,,,,,,,,,,,,,,,,,,,,,,,,,,,,,,,,,,,,,,,,,,,,,,,,,,,,,,,,,,,,,,,,,,,,,,,,,,,,,,,,,,,,,,,,,,,,,,,,,,,,,,,,,,,,,,,,,,,,,,,,,,,,,,,,,,22.2204,114.2127
2025-07-25T13:00,27.7,28.9,27.8,29.5,29.4,27.9,28.8,27.5,29.4,28.4,27.3,26.9,28.5,28.5,27.1,27.3,28,30.1,28.7,28.1,28.3,31.2,29.4,29.1,28.7,28,29,27.8,27.2,28.3,28,28.4,29,27.9,28.5,28.7,28.8,26.6,28.1,28.5,83,76,84,79,81,85,85,93,80,83,89,89,87,86,90,88,91,77,83,85,88,72,81,83,83,82,85,89,85,87,87,85,82,83,83,77,89,91,84,89,0,0,0,0,0,0.1,0,2,0.8,0,0.1,0.5,0,0,1.8,0.4,1.1,0,0,0,1,0,0.3,0.1,0,0,0.4,0.3,0,0.1,1.5,0.1,0,0,0.3,0,0.7,0.8,0,0.1,11.5,15,3.6,5.4,2.9,1.8,5.5,5.7,6.5,1.5,10.6,12.3,10,3.3,26.2,6,5.5,3.6,0.5,5.9,4.7,5.5,5.4,34.9,12.7,3,9.1,25.7,2.6,4.9,16,12.3,5.2,5.4,7.1,6.6,25.8,7.3,15.3,15,,,,,,,,,,,,,,,,,,,,,,,,,,,,,,,,,,,,,,,,,30.2,33.1,32.8,35.6,32,37.2,35,27.2,31.9,33.8,34.2,33.3,35.5,33.1,32.8,33.1,35.8,34.9,33.6,31.9,35.1,34.8,34.2,33.2,34.5,35,34.5,35.2,29.4,35.7,27.4,67,59,61,46,59,41,51,88,57,50,50,57,48,58,56,58,49,53,50,65,52,46,51,54,52,49,50,51,76,51,84,0,0,0,0,0.3,0,0,2.7,0,0,0,0,0,0,0.8,0,0,0,0,0.3,0.1,0,0,0,0,0,0,0,0.7,0,0.3,13.6,10.4,20.4,17.6,13.5,14.5,9.1,35.2,5,26.5,15.6,11.3,10.5,13.4,21.5,20.9,14,12.8,12.2,23.7,21.1,6,7.5,15.6,22.9,13.5,16.2,15.2,39.1,13.6,4.8,22,10.4,24.5,24.5,18.4,19.8,11.2,48.2,10.8,34.9,24.5,13.7,14.8,17.6,32.4,26.6,16.2,18,17.3,28.1,29.2,13,15.1,16.6,29.9,16.9,22.7,19.1,54.7,17.6,12.2,,,,,,,,,,,,,,,,,,,,,,,,,,,,,,,,,,,,,,,,,,,,,,,,,,,,,,,,,,,,,,,,,,,,,,,,,,,,,,,,,,,,,,,,,,,,,,,,,,,,,,,,,,,,,,,,,,,,,,,,,,,,,,,,,,,,,,,,,,,,,,,,,,,,,,,,,,,,,,,,,,,,,,,,,,,,,,,,,,,,,,,,,,,,,,,,,,,,,,,,,,,,,,,,,,,,,,,,,,,,,,,,,,,,,,,,,,,,,,,,,,,,,,,,,,,,,,,,22.2204,114.2127
2025-07-25T14:00,27.8,28.8,27.8,29.5,29.4,27.9,29,27.5,29.4,28.5,27.3,26.9,28.5,28.5,27.1,27.4,28.1,30.1,28.7,28.1,28,31.5,29.5,29.1,28.8,28,29,27.8,27.3,28.4,27.9,28.4,29.1,28,28.6,28.7,28.7,26.7,28.2,28.7,83,76,83,79,80,85,84,93,80,83,89,89,87,85,90,88,91,77,83,85,90,71,81,83,83,82,85,89,84,87,88,84,82,83,83,77,89,91,84,89,0,0,0,0,0,0.1,0,2,0.8,0,0.1,0.5,0,0,1.8,0.4,1.1,0,0,0,1,0,0.3,0.1,0,0,0.4,0.3,0,0.1,1.5,0.1,0,0,0.3,0,0.7,0.8,0,0.1,12,16.1,3.6,5.1,2.4,1.9,5,5.6,6.1,1.6,10.9,12.3,10.2,3.3,27.8,6.6,5.4,3.3,0.8,5.1,4.3,4.5,4.8,35.8,12.1,3.9,9.2,26,3.3,3.9,16.2,13.3,5,5.5,7,6.2,22.6,7.4,15.6,15.2,,,,,,,,,,,,,,,,,,,,,,,,,,,,,,,,,,,,,,,,,30.9,33.1,32.8,36,31.9,37.7,35.2,27.4,32.3,34.3,34.7,33.6,35.5,33.5,32.2,33.2,36.2,35.1,34.2,31.5,35.5,34.7,34.5,33.2,34.7,35.1,34.6,35.5,29.4,35.8,27.9,65,60,61,45,59,41,50,86,56,48,50,57,49,57,58,58,48,52,47,67,51,47,51,54,51,49,50,50,75,51,81,0,0,0,0,0.3,0,0,2.7,0,0,0,0,0,0,0.8,0,0,0,0,0.3,0.1,0,0,0,0,0,0,0,0.7,0,0.3,13.5,12.8,20.5,18,13.2,11.8,11.1,32.8,5.9,26.3,14.8,13.2,14.3,14.3,22.3,20.7,14.2,13.9,10.5,25.8,21.6,9.1,6.2,17.1,23.7,12.7,16.4,16.2,38.1,16.2,5.6,19.8,11.5,24.1,25.2,18.7,18,11.5,44.6,9.4,33.5,24.1,14,16.9,18,32.8,25.6,16.6,19.4,16.2,30.6,30.6,13.3,16.2,16.9,31,16.6,22.7,20.5,52.9,19.4,11.9,,,,,,,,,,,,,,,,,,,,,,,,,,,,,,,,,,,,,,,,,,,,,,,,,,,,,,,,,,,,,,,,,,,,,,,,,,,,,,,,,,,,,,,,,,,,,,,,,,,,,,,,,,,,,,,,,,,,,,,,,,,,,,,,,,,,,,,,,,,,,,,,,,,,,,,,,,,,,,,,,,,,,,,,,,,,,,,,,,,,,,,,,,,,,,,,,,,,,,,,,,,,,,,,,,,,,,,,,,,,,,,,,,,,,,,,,,,,,,,,,,,,,,,,,,,,,,,,22.2204,114.2127
2025-07-25T15:00,27.9,28.8,27.7,29.5,29.4,28,29.3,27.4,29.4,28.5,27.3,26.9,28.5,28.6,27.1,27.5,28.3,30.1,28.8,28.1,27.8,31.7,29.6,29.2,28.9,28.1,29,27.9,27.4,28.5,27.8,28.5,29.1,28.1,28.7,28.8,28.6,26.7,28.2,28.8,83,76,83,79,80,85,84,93,80,83,89,89,88,85,90,87,90,77,82,85,91,70,82,83,83,81,85,89,83,87,89,84,83,83,83,77,90,91,84,89,0,0,0,0,0,0.1,0,2,0.8,0,0.1,0.5,0,0,1.8,0.4,1.1,0,0,0,1,0,0.3,0.1,0,0,0.4,0.3,0,0.1,1.5,0.1,0,0,0.3,0,0.7,0.8,0,0.1,12.3,17.2,3.3,5.1,3.1,2.3,4.9,5.9,6.2,2,11.4,12.8,10.5,3.4,29.5,6.9,5.2,3.4,1.8,4.7,4,3.6,4.4,36.5,11.7,4.7,9.4,26.1,3.7,3.2,16.5,14.1,4.8,5.8,6.6,5.9,19.2,7.2,16.1,15.5,,,,,,,,,,,,,,,,,,,,,,,,,,,,,,,,,,,,,,,,,31,32.8,32.8,36,31.8,37.8,35,27.5,32.3,34.7,34.9,33.5,35,33.4,32.3,33.5,36.2,35,34.6,31.6,35.5,34.3,34.1,33,34.8,34.8,34.5,35.5,29.8,35.5,28.4,66,62,61,45,59,42,52,85,57,46,50,58,52,59,58,58,49,53,46,67,52,49,54,55,51,50,51,50,73,53,78,0.6,0,0.1,0,0.1,0,0,0.9,0,0,0,0,0,0,2,0,0,0.1,0,0,0.3,0,0.9,0,0,0,0,0,0.4,0,0.1,13.1,15.1,19.8,20,12.8,10,12.2,30.3,6.7,24.5,13.4,15.7,16.8,17.3,19.5,19.1,14.5,15.5,9.3,26,22.4,12.2,6,17.7,23.2,11.5,17.5,16.2,38,19.1,7.2,19.4,13.7,23.4,27,19.8,16.6,13,41.8,9,30.6,23,16.6,19.1,20.9,29.2,24.8,17.6,20.9,15.5,31.7,31.7,15.1,17.3,17.3,31.3,17.3,22.7,21.2,51.8,22,11.2,,,,,,,,,,,,,,,,,,,,,,,,,,,,,,,,,,,,,,,,,,,,,,,,,,,,,,,,,,,,,,,,,,,,,,,,,,,,,,,,,,,,,,,,,,,,,,,,,,,,,,,,,,,,,,,,,,,,,,,,,,,,,,,,,,,,,,,,,,,,,,,,,,,,,,,,,,,,,,,,,,,,,,,,,,,,,,,,,,,,,,,,,,,,,,,,,,,,,,,,,,,,,,,,,,,,,,,,,,,,,,,,,,,,,,,,,,,,,,,,,,,,,,,,,,,,,,,,22.2204,114.2127
2025-07-25T16:00,28,28.7,27.7,29.6,29.4,28.1,29.5,27.4,29.4,28.6,27.4,26.9,28.6,28.7,27.1,27.7,28.4,30.2,28.8,28.2,27.6,31.9,29.6,29.2,29,28.2,29,28,27.4,28.6,27.7,28.6,29.2,28.1,28.8,28.8,28.5,26.8,28.3,28.9,83,77,83,78,79,85,83,92,80,82,89,89,88,85,90,86,90,77,82,85,92,70,82,83,83,81,85,90,82,87,89,84,84,84,82,77,90,90,84,89,0,0,0,0,0,0.1,0,2,0.8,0,0.1,0.5,0,0,1.8,0.4,1.1,0,0,0,1,0,0.3,0.1,0,0,0.4,0.3,0,0.1,1.5,0.1,0,0,0.3,0,0.7,0.8,0,0.1,13,18.5,3.4,5.2,4.1,2.8,4.3,5.9,6.4,3.1,11.4,12.8,11.1,3.8,31,7.2,5.2,3.4,2.9,4,3.7,2.8,3.7,36.8,11.4,5.4,9.7,26.5,4.7,3.2,16.5,14.6,5,6.2,6.4,5.8,15.9,7,16.6,15.5,,,,,,,,,,,,,,,,,,,,,,,,,,,,,,,,,,,,,,,,,30.8,32.2,32.7,35.8,31.5,37.4,34.2,27.5,32,34.8,34.8,33,34.3,32.9,32.7,33.7,35.8,34.7,34.8,32,35.1,33.7,33.3,32.8,34.7,34.4,34.3,35.5,30.3,34.8,28.8,67,65,61,46,60,43,55,83,59,45,50,61,57,62,58,57,51,55,47,67,54,52,58,56,52,53,52,50,71,57,76,0.6,0,0.1,0,0.1,0,0,0.9,0,0,0,0,0,0,2,0,0,0.1,0,0,0.3,0,0.9,0,0,0,0,0,0.4,0,0.1,13.4,17.1,19.1,23,12.5,10.4,13.2,27.4,6.6,21.8,11.7,18.7,19.1,21.6,14.9,17.3,15.8,18.4,9.8,25.3,23.9,15.5,11.8,17.3,22.7,11.6,18.6,15.9,38.2,22,9.2,19.8,16.6,22.3,28.8,20.9,15.8,15.1,39.2,9.4,27,21.6,20.2,21.6,25.2,23.8,24.5,19.8,23,14.8,32.4,33.1,17.3,18.7,17.3,31.7,18.4,23,22,51.1,24.5,10.4,,,,,,,,,,,,,,,,,,,,,,,,,,,,,,,,,,,,,,,,,,,,,,,,,,,,,,,,,,,,,,,,,,,,,,,,,,,,,,,,,,,,,,,,,,,,,,,,,,,,,,,,,,,,,,,,,,,,,,,,,,,,,,,,,,,,,,,,,,,,,,,,,,,,,,,,,,,,,,,,,,,,,,,,,,,,,,,,,,,,,,,,,,,,,,,,,,,,,,,,,,,,,,,,,,,,,,,,,,,,,,,,,,,,,,,,,,,,,,,,,,,,,,,,,,,,,,,,22.2204,114.2127
2025-07-25T17:00,28,28.7,27.7,29.6,29.5,28.2,29.7,27.4,29.5,28.6,27.4,26.9,28.6,28.7,27.1,27.8,28.5,30.2,28.9,28.2,27.4,32.1,29.7,29.3,29.1,28.2,29,28.1,27.5,28.6,27.7,28.7,29.3,28.2,28.9,28.9,28.4,26.8,28.3,29.1,83,77,83,78,79,84,83,92,79,82,89,89,88,84,91,86,89,77,82,85,93,69,82,83,82,80,85,90,81,88,90,84,84,84,82,77,91,90,84,89,0,0,0,0,0,0.1,0,2,0.8,0,0.1,0.5,0,0,1.8,0.4,1.1,0,0,0,1,0,0.3,0.1,0,0,0.4,0.3,0,0.1,1.5,0.1,0,0,0.3,0,0.7,0.8,0,0.1,13.7,19.5,3.2,5.6,5.1,3.4,4.3,5.8,6.4,3.7,11.7,12.8,11.4,4,32.4,7.2,5.2,3.7,4,3.8,3.3,1.9,3.4,37.6,11.2,6.1,10.1,26.9,5.4,3.6,16.6,15.5,5,7,6.2,5.9,13.2,7.1,17.1,15.8,,,,,,,,,,,,,,,,,,,,,,,,,,,,,,,,,,,,,,,,,30.6,31.7,32.4,35.5,31.3,36.8,33.5,27.6,31.8,34.7,34.6,32.5,33.6,32.4,32.6,33.8,35.2,34.2,34.7,32.1,34.8,33.2,32.6,32.3,34.4,33.9,33.8,35.3,30.5,34.1,29,69,68,62,47,60,46,58,82,61,45,50,63,61,66,59,57,53,57,49,67,56,55,61,58,53,56,55,51,70,60,75,0.6,0,0.1,0,0.1,0,0,0.9,0,0,0,0,0,0,2,0,0,0.1,0,0,0.3,0,0.9,0,0,0,0,0,0.4,0,0.1,14.7,18.7,18.1,24.5,11.7,11.9,14.3,24.7,6.1,19,9.7,20.7,20.4,24.6,10.4,15,17.4,20.9,11.1,24.4,25.3,17,16.7,16.9,22.9,13,19.8,15.3,38.2,24,9.8,20.9,19.1,21.2,29.9,20.5,15.8,17.3,36,9.4,23.8,19.8,23,23.4,28.4,19.4,24.1,20.9,25.2,14,32.4,35.3,18.4,19.8,17.6,32,19.1,24.1,22,50.4,26.6,10.1,,,,,,,,,,,,,,,,,,,,,,,,,,,,,,,,,,,,,,,,,,,,,,,,,,,,,,,,,,,,,,,,,,,,,,,,,,,,,,,,,,,,,,,,,,,,,,,,,,,,,,,,,,,,,,,,,,,,,,,,,,,,,,,,,,,,,,,,,,,,,,,,,,,,,,,,,,,,,,,,,,,,,,,,,,,,,,,,,,,,,,,,,,,,,,,,,,,,,,,,,,,,,,,,,,,,,,,,,,,,,,,,,,,,,,,,,,,,,,,,,,,,,,,,,,,,,,,,22.2204,114.2127
2025-07-25T18:00,28.1,28.6,27.7,29.6,29.5,28.2,29.9,27.3,29.5,28.7,27.5,26.9,28.6,28.8,27.2,27.9,28.6,30.2,28.9,28.3,27.2,32.2,29.8,29.3,29.1,28.3,29.1,28.1,27.6,28.7,27.6,28.8,29.4,28.3,29,28.9,28.4,26.8,28.3,29.2,83,77,82,78,78,84,82,92,79,82,89,89,88,84,91,85,89,76,81,85,94,69,82,83,82,80,85,90,81,88,90,83,84,84,82,78,91,90,84,89,0,0,0,0,0,0.1,0,2,0.8,0,0.1,0.5,0,0,1.8,0.4,1.1,0,0,0,1,0,0.3,0.1,0,0,0.4,0.3,0,0.1,1.5,0.1,0,0,0.3,0,0.7,0.8,0,0.1,14.1,20.5,3.4,6,6.1,3.7,3.9,5.8,6.4,4.3,11.7,12.9,11.7,4,33.6,7.6,5.1,4,4.7,3.4,3.4,1.8,3.3,38,11.2,6.9,10.5,27.2,5.9,4.4,16.7,16,5.4,7.2,6.3,6,10.9,6.9,17.4,15.5,,,,,,,,,,,,,,,,,,,,,,,,,,,,,,,,,,,,,,,,,30.5,31.2,31.9,35.2,31.1,35.8,32.7,27.8,31.5,34.4,34.3,32.1,33.2,31.9,31.8,33.6,34.8,33.6,34.2,31.8,34.5,32.7,32.1,31.9,34,33.5,32.8,35,30.4,33.5,28.8,70,70,64,48,61,51,62,81,63,47,51,66,63,69,64,59,55,60,52,68,57,57,63,61,54,59,59,52,71,63,76,0.8,0.2,0,0,0,0.1,0,0.3,0,0,0,0,0.6,0,1.2,0.3,0,0.3,0,0,0.1,0,2.6,0,0,0.1,0,0,0,0,0,16.1,19.8,17.1,23.2,8.9,13.1,15.5,21.9,4.1,15.4,7,20.8,20.1,24.8,6.1,12.9,16.7,21.5,11.3,23.9,27.3,16.2,16.9,16.6,23.7,14,20.7,14.1,36.4,23.3,8.5,22.3,21.6,20.5,28.4,16.6,17.6,19.4,32.4,9.4,20.9,17.3,24.5,24.8,30.2,17.3,23.8,20.5,27.4,13.3,32,38.9,17.6,20.5,18.4,33.1,19.4,26.3,21.2,50,27.4,9.4,,,,,,,,,,,,,,,,,,,,,,,,,,,,,,,,,,,,,,,,,,,,,,,,,,,,,,,,,,,,,,,,,,,,,,,,,,,,,,,,,,,,,,,,,,,,,,,,,,,,,,,,,,,,,,,,,,,,,,,,,,,,,,,,,,,,,,,,,,,,,,,,,,,,,,,,,,,,,,,,,,,,,,,,,,,,,,,,,,,,,,,,,,,,,,,,,,,,,,,,,,,,,,,,,,,,,,,,,,,,,,,,,,,,,,,,,,,,,,,,,,,,,,,,,,,,,,,,22.2204,114.2127
2025-07-25T19:00,28.1,28.6,27.6,29.6,29.5,28.3,30,27.3,29.5,28.7,27.5,26.9,28.6,28.8,27.2,28,28.7,30.2,28.9,28.3,27.1,32.3,29.8,29.3,29.2,28.3,29.1,28.2,27.6,28.7,27.6,28.8,29.5,28.3,29,29,28.3,26.9,28.3,29.3,83,77,82,78,78,84,82,92,79,81,89,89,88,84,91,84,88,76,81,85,95,69,82,83,82,80,85,90,80,88,90,83,85,84,82,78,91,90,84,88,0,0,0,0,0,0.1,0,2,0.8,0,0.1,0.5,0,0,1.8,0.4,1.1,0,0,0,1,0,0.3,0.1,0,0,0.4,0.3,0,0.1,1.5,0.1,0,0,0.3,0,0.7,0.8,0,0.1,14.5,20.9,3.7,6.4,6.8,4,4,6.1,6.5,5.2,11.7,13.2,12,4.3,34.4,7.6,5.1,4,5.1,3.1,3.4,1.9,3.3,38.2,11.2,7.4,10.6,27.6,6.3,4.8,16.8,16.2,5.6,7.6,6.1,6.3,9,7.1,17.7,15.1,,,,,,,,,,,,,,,,,,,,,,,,,,,,,,,,,,,,,,,,,30.5,30.8,31.2,34.7,31,34.5,31.9,27.9,31.3,33.9,34,31.6,32.8,31.4,30.5,33.2,34.2,32.9,33.2,31.3,34.2,32.2,31.6,31.3,33.5,33.1,31.6,34.7,29.9,32.8,28.2,71,72,68,49,61,57,67,81,65,50,53,68,64,72,71,61,58,62,57,70,59,59,64,65,55,62,65,54,73,67,78,0.8,0.2,0,0,0,0.1,0,0.3,0,0,0,0,0.6,0,1.2,0.3,0,0.3,0,0,0.1,0,2.6,0,0,0.1,0,0,0,0,0,17,20.2,15.8,20.6,4.9,16.3,16.3,19.6,3.3,11.9,4.3,19.6,19.1,23.4,9.4,12,14.8,21.3,11.5,23.7,29.4,13.8,15.2,16.2,25.2,14.5,21.8,12.5,34.2,21.2,6.9,23.8,24.1,19.8,25.9,11.2,20.5,22,28.1,9,18,14.8,25.6,25.6,31.3,16.2,23,19.4,29.2,12.6,31.7,42.8,15.8,20.9,19.1,34.9,19.8,29.2,19.8,49.7,27.4,9,,,,,,,,,,,,,,,,,,,,,,,,,,,,,,,,,,,,,,,,,,,,,,,,,,,,,,,,,,,,,,,,,,,,,,,,,,,,,,,,,,,,,,,,,,,,,,,,,,,,,,,,,,,,,,,,,,,,,,,,,,,,,,,,,,,,,,,,,,,,,,,,,,,,,,,,,,,,,,,,,,,,,,,,,,,,,,,,,,,,,,,,,,,,,,,,,,,,,,,,,,,,,,,,,,,,,,,,,,,,,,,,,,,,,,,,,,,,,,,,,,,,,,,,,,,,,,,,22.2204,114.2127
2025-07-25T20:00,28.2,28.6,27.6,29.6,29.5,28.3,30,27.3,29.5,28.7,27.5,26.9,28.6,28.8,27.2,28.1,28.8,30.3,29,28.3,27,32.3,29.8,29.3,29.2,28.3,29.1,28.2,27.6,28.8,27.6,28.9,29.5,28.3,29.1,29,28.2,26.9,28.3,29.3,83,77,82,78,78,84,82,92,79,81,89,89,88,84,91,84,88,76,81,85,95,69,82,83,82,80,85,90,80,88,90,83,85,84,82,78,91,90,84,88,0,0,0,0,0,0.1,0,2,0.8,0,0.1,0.5,0,0,1.8,0.4,1.1,0,0,0,1,0,0.3,0.1,0,0,0.4,0.3,0,0.1,1.5,0.1,0,0,0.3,0,0.7,0.8,0,0.1,14.5,20.9,3.7,6.4,7.2,4,3.9,6.1,6.5,5.2,11.7,13.2,12.3,4.3,35.2,7.6,4.7,4,5.4,2.8,3.4,2.1,3.2,38.3,11.5,7.4,10.6,27.9,6.2,5.2,16.8,16.2,5.9,7.6,6.3,6.1,8.1,7.1,18,14.8,,,,,,,,,,,,,,,,,,,,,,,,,,,,,,,,,,,,,,,,,30.5,30.4,30.7,34.3,30.8,33.4,31.2,27.9,31,33.4,33.4,31.2,32.3,30.9,29.6,32.9,33.6,32.3,32.5,30.9,33.8,31.8,31.3,30.8,33.1,32.8,30.7,34.3,29.5,32.2,28,72,73,70,50,62,62,70,80,67,53,55,71,65,75,76,63,60,65,61,72,60,61,65,68,56,64,69,55,75,69,80,0.8,0.2,0,0,0,0.1,0,0.3,0,0,0,0,0.6,0,1.2,0.3,0,0.3,0,0,0.1,0,2.6,0,0,0.1,0,0,0,0,0,17.5,20,14.5,18.2,4,19.1,16.8,16.9,4.6,9.8,2,19,18.9,21.5,13.8,11.5,14,21.4,11.7,23,30,11.9,14.3,15.5,25.5,15,22.4,11.8,33.2,19.3,6.6,25.6,25.2,19.8,23.8,8.3,22.3,23.8,24.1,9,15.8,12.6,26.3,26.6,31,15.8,22,19.4,31.3,12.2,31.3,45,14.8,21.6,19.4,35.6,20.2,31.7,19.1,50,27.4,9.4,,,,,,,,,,,,,,,,,,,,,,,,,,,,,,,,,,,,,,,,,,,,,,,,,,,,,,,,,,,,,,,,,,,,,,,,,,,,,,,,,,,,,,,,,,,,,,,,,,,,,,,,,,,,,,,,,,,,,,,,,,,,,,,,,,,,,,,,,,,,,,,,,,,,,,,,,,,,,,,,,,,,,,,,,,,,,,,,,,,,,,,,,,,,,,,,,,,,,,,,,,,,,,,,,,,,,,,,,,,,,,,,,,,,,,,,,,,,,,,,,,,,,,,,,,,,,,,,22.2204,114.2127
2025-07-25T21:00,28.2,28.6,27.6,29.6,29.5,28.3,30,27.2,29.5,28.7,27.5,26.9,28.6,28.8,27.3,28.2,28.8,30.3,29,28.3,27,32.3,29.8,29.2,29.2,28.3,29.2,28.2,27.6,28.8,27.7,28.9,29.6,28.3,29.1,29,28.2,26.9,28.3,29.4,83,77,82,78,78,84,82,92,79,81,89,89,88,84,91,84,88,76,81,85,95,69,82,83,82,80,85,90,80,88,90,83,85,84,82,78,91,90,84,88,0,0,0,0,0,0,0.3,0.3,0,0,0,0.6,0.8,0,4.9,0,1,0.1,0,0,0,0,0.3,1.1,0,0,0,0.3,0,0,0.1,0,0,0,0.1,0,2.5,1.2,0,0,14.5,20.5,3.9,6.2,7.2,4,3.8,6.1,6.2,5.2,11.7,13.2,12.7,4.3,35.7,7.2,4.3,4,5.4,2.6,3.8,2.1,3.2,38.2,11.9,7.4,10.6,28.2,6.2,5.2,17.1,15.7,5.9,7.6,6.3,5.8,7.4,7.1,18,14,,,,,,,,,,,,,,,,,,,,,,,,,,,,,,,,,,,,,,,,,30.5,30.2,30.6,34,30.6,33,31,27.9,30.8,33,32.7,30.9,32,30.6,29.4,32.7,33.2,31.9,32.1,30.6,33.4,31.4,31.1,30.5,32.8,32.5,30.2,34.1,29.2,32,28,73,74,70,50,62,64,71,80,69,55,59,73,66,77,77,64,62,67,64,74,62,63,66,70,56,65,71,55,77,70,80,0.2,1.5,0.1,0,0,0,0,0,0,0,0,0,2.5,0.1,0.9,0.8,0,0.9,0,0,2,0,0,0,0,0,0,0,0.1,0.1,0,17.9,19.1,13.5,16.3,5.8,18.5,16.9,14.2,5.1,9.4,3.6,18.6,19.4,18.9,13.1,9.4,15.5,22.7,12.2,21.4,28,11.9,14.5,14.4,23.8,15.6,22.1,11.4,35,18.6,8.2,27.4,24.8,19.8,22.3,9.7,22,24.5,19.8,9,15.1,11.9,26.6,28.1,28.8,15.5,19.8,21.6,33.8,13,31.7,43.9,14.8,22,19.1,34.9,21.2,33.1,19.1,51.1,27.4,11.5,,,,,,,,,,,,,,,,,,,,,,,,,,,,,,,,,,,,,,,,,,,,,,,,,,,,,,,,,,,,,,,,,,,,,,,,,,,,,,,,,,,,,,,,,,,,,,,,,,,,,,,,,,,,,,,,,,,,,,,,,,,,,,,,,,,,,,,,,,,,,,,,,,,,,,,,,,,,,,,,,,,,,,,,,,,,,,,,,,,,,,,,,,,,,,,,,,,,,,,,,,,,,,,,,,,,,,,,,,,,,,,,,,,,,,,,,,,,,,,,,,,,,,,,,,,,,,,,22.2204,114.2127
2025-07-25T22:00,28.2,28.7,27.6,29.6,29.5,28.2,29.9,27.2,29.5,28.7,27.6,26.9,28.5,28.8,27.3,28.3,28.8,30.3,29,28.4,27,32.1,29.8,29.2,29.2,28.3,29.2,28.2,27.6,28.8,27.7,29,29.6,28.3,29.1,29,28.1,26.8,28.3,29.4,83,76,81,78,78,84,82,92,79,81,89,89,88,84,91,83,88,76,81,85,95,70,82,83,82,80,84,90,80,88,89,83,85,84,82,78,91,90,84,87,0,0,0,0,0,0,0.3,0.3,0,0,0,0.6,0.8,0,4.9,0,1,0.1,0,0,0,0,0.3,1.1,0,0,0,0.3,0,0,0.1,0,0,0,0.1,0,2.5,1.2,0,0,14.1,19.5,4.1,5.7,6.8,3.7,3.7,6.5,6.1,4.8,11.3,13.2,12.6,4,35.5,6.8,4,3.6,5.1,2.3,4.1,2.3,3.2,38,12.6,7.1,10.2,28.9,5.4,5.2,16.9,14.8,5.9,7.2,6.6,5.5,7.1,7.1,18.1,13,,,,,,,,,,,,,,,,,,,,,,,,,,,,,,,,,,,,,,,,,30.4,30.1,30.6,33.8,30.5,32.8,31,27.9,30.5,32.5,31.9,30.6,31.6,30.4,29.5,32.5,32.8,31.5,31.8,30.4,33,31,31,30.2,32.6,32.4,30,33.9,29,31.9,28.2,74,75,69,51,62,66,71,79,71,57,63,75,67,77,77,64,63,69,66,75,63,65,66,71,57,66,73,55,78,69,80,0.2,1.5,0.1,0,0,0,0,0,0,0,0,0,2.5,0.1,0.9,0.8,0,0.9,0,0,2,0,0,0,0,0,0,0,0.1,0.1,0,18.4,17.2,12.5,14.8,8.7,16.3,17.2,11.3,5,10.3,7.4,18.3,20.1,15.6,11.5,7.2,18,24,12.6,19.4,24.4,12.2,16.3,13.5,21.2,16.1,21,11.4,37.8,18.6,10.5,28.8,23,20.2,21.2,13.3,20.5,24.8,15.5,9,14.8,11.5,26.6,29.2,24.8,15.8,17.3,24.5,36.4,14.4,32,40.7,15.1,22.7,18.7,33.5,22.7,33.8,19.8,52.6,27.7,14.4,,,,,,,,,,,,,,,,,,,,,,,,,,,,,,,,,,,,,,,,,,,,,,,,,,,,,,,,,,,,,,,,,,,,,,,,,,,,,,,,,,,,,,,,,,,,,,,,,,,,,,,,,,,,,,,,,,,,,,,,,,,,,,,,,,,,,,,,,,,,,,,,,,,,,,,,,,,,,,,,,,,,,,,,,,,,,,,,,,,,,,,,,,,,,,,,,,,,,,,,,,,,,,,,,,,,,,,,,,,,,,,,,,,,,,,,,,,,,,,,,,,,,,,,,,,,,,,,22.2204,114.2127
2025-07-25T23:00,28.1,28.7,27.5,29.5,29.6,28.2,29.8,27.2,29.4,28.7,27.6,26.9,28.5,28.8,27.4,28.3,28.7,30.4,29,28.4,27,31.9,29.8,29.1,29.2,28.3,29.2,28.1,27.6,28.8,27.8,29,29.6,28.3,29.1,29,28.1,26.8,28.2,29.4,84,76,81,78,78,84,82,92,79,81,89,89,88,85,91,83,88,75,82,85,94,71,82,84,82,81,84,89,81,88,88,83,85,84,82,79,90,90,83,86,0,0,0,0,0,0,0.3,0.3,0,0,0,0.6,0.8,0,4.9,0,1,0.1,0,0,0,0,0.3,1.1,0,0,0,0.3,0,0,0.1,0,0,0,0.1,0,2.5,1.2,0,0,13.7,18.5,4.7,5,6.1,3.1,3.7,6.5,5.9,4.2,10.9,13.4,13,3.6,35.3,6.5,3.6,3.3,4.8,1.8,4.8,2.2,3.3,37.8,13,6.4,9.7,29.2,5.1,5,17.1,14,5.9,6.6,6.6,5,6.9,7.4,18.1,11.6,,,,,,,,,,,,,,,,,,,,,,,,,,,,,,,,,,,,,,,,,30.2,30,30.4,33.5,30.4,32.6,31,27.9,30.2,32.2,31.2,30.4,31.3,30.2,29.5,32.3,32.5,31.1,31.6,30.2,32.5,30.8,30.7,30,32.3,32.2,29.9,33.7,28.8,31.8,28.3,74,75,70,51,62,66,71,79,72,59,66,77,68,78,76,64,65,70,67,76,65,67,67,72,57,66,73,56,79,69,80,0.2,1.5,0.1,0,0,0,0,0,0,0,0,0,2.5,0.1,0.9,0.8,0,0.9,0,0,2,0,0,0,0,0,0,0,0.1,0.1,0,18.4,15.1,11.4,13.8,10.7,13.9,17,9.2,4.7,11.3,9.4,18.4,20,12.8,13.1,7.4,19.5,24.5,12.2,18.4,21.8,12.3,18.3,12.9,20.2,16.3,19.9,12.6,38.9,18.3,12.5,29.9,20.9,22,21.2,16.9,18.4,24.8,12.2,8.6,15.1,11.5,27.4,29.9,21.2,17.3,16.2,27,37.4,15.5,32.4,38.5,15.1,23.8,18.7,33.5,24.1,34.2,21.6,52.9,27.7,17.3,,,,,,,,,,,,,,,,,,,,,,,,,,,,,,,,,,,,,,,,,,,,,,,,,,,,,,,,,,,,,,,,,,,,,,,,,,,,,,,,,,,,,,,,,,,,,,,,,,,,,,,,,,,,,,,,,,,,,,,,,,,,,,,,,,,,,,,,,,,,,,,,,,,,,,,,,,,,,,,,,,,,,,,,,,,,,,,,,,,,,,,,,,,,,,,,,,,,,,,,,,,,,,,,,,,,,,,,,,,,,,,,,,,,,,,,,,,,,,,,,,,,,,,,,,,,,,,,22.2204,114.2127
